NC_014922.1_Haemophilus_influenzae_F3047_complete_genome
4401 4544
15905 21174
51590 59758
60463 66133
66688 77584
81804 82092
95411 95840
95954 98042
98951 99439
108724 123832
124073 130883
137692 137796
142282 154982
167441 168637
194231 202886
203483 220614
221270 221981
222246 223368
223779 259289
277717 280164
280790 283544
284479 313291
313857 314071
315268 331063
331769 351958
368221 368400
372425 372788
376094 376238
382550 382738
383654 388362
394969 396550
397627 426944
427070 428889
447542 447628
448503 463334
465894 484893
485115 485777
487298 489121
489399 491525
492136 497791
505862 506335
514161 514877
520361 525111
525630 525892
537968 538621
539898 555024
566278 582094
582611 584385
595356 600179
606452 608334
612201 626274
626921 630925
631054 653193
653305 653635
662782 666038
666549 668124
668749 672232
677668 679668
695370 695534
717167 717943
718671 721532
729442 730740
732162 732902
734478 734819
735341 735866
736395 747472
747983 749661
750158 754240
757936 773045
773560 774135
784946 787250
788167 793170
793705 794621
804717 816562
817151 817400
829167 845705
846132 875862
890064 908679
917781 923903
925653 928212
928723 928862
931928 954952
955229 961370
962133 1006928
1007518 1008151
1008271 1016154
1025395 1029395
1029503 1039141
1040907 1041983
1044362 1044584
1044751 1063965
1071710 1071773
1091717 1091896
1100591 1100643
1129692 1144373
1144909 1160656
1160804 1167633
1168103 1184762
1190770 1190930
1202276 1227993
1228856 1238169
1241431 1242147
1242228 1242441
1248889 1248942
1262135 1277223
1277315 1277401
1278304 1279020
1281795 1338110
1342989 1350955
1351619 1351832
1356941 1357797
1359261 1383565
1383834 1396066
1396322 1424838
1425265 1425567
1430468 1432052
1433006 1433614
1434433 1462855
1472216 1472273
1476891 1488847
1508277 1508352
1509935 1511137
1511277 1511606
1512149 1518302
1519319 1521898
1522519 1526083
1526483 1537056
1544593 1549670
1555001 1557019
1559811 1562892
1572685 1573551
1575677 1592280
1597607 1601292
1601880 1602240
1602534 1647412
1647972 1651932
1652110 1652345
1652861 1658938
1659773 1665270
1665376 1667887
1668888 1669948
1670593 1672938
1673771 1683766
1684287 1692708
1692958 1741102
1741701 1754721
1772429 1775653
1802166 1805244
1805780 1806028
1817734 1833582
1841204 1842784
1843436 1850037
1900894 1901014
1911848 1921130
1935446 1940021
1940597 1944141
1944962 1953157
1955884 1956480
1960905 1973630
1981369 1987247
1988349 1990185
1990463 2000688
2001223 2005778
