NC_014922.1_Haemophilus_influenzae_F3047_complete_genome
15905 21174
51590 54374
80668 80737
81577 81687
81981 82110
95237 95644
96791 97960
113661 114082
123479 123832
142141 158350
167441 168637
218934 219379
220888 220951
222432 223368
235983 236087
287182 288310
291839 293935
333216 333370
368223 368400
372422 372877
383532 383603
397747 398129
422581 426943
427608 428985
456382 456579
459614 461371
466798 469051
473767 474273
477566 491696
495725 497791
506507 509651
520361 520620
521997 522528
537968 538621
549083 549180
549383 553615
566101 567006
568132 568394
569093 569764
595261 595739
608555 609334
610298 615098
618985 619049
619683 619739
620704 620781
622120 625101
652557 652785
653306 653469
679528 679668
695370 695534
748733 754220
793938 794521
804717 808829
830641 835199
835691 843474
846780 853577
866035 866626
866868 866933
872490 875528
917781 923903
931928 931984
935752 935906
993996 995584
1004712 1006100
1011572 1015365
1028811 1029050
1029380 1029502
1039191 1044991
1051775 1055278
1130266 1130765
1131532 1132735
1133227 1133786
1144998 1145193
1146497 1146589
1155033 1160664
1168103 1168426
1181765 1184784
1190719 1190810
1208976 1223604
1227184 1230025
1231399 1234360
1241483 1242442
1248891 1248942
1296112 1296408
1310112 1311520
1319191 1323517
1342796 1348630
1356941 1357797
1359479 1379537
1380880 1383491
1384961 1388277
1389177 1417590
1417784 1418246
1430483 1431898
1435207 1440399
1462179 1463685
1476886 1482862
1483678 1485503
1485653 1486479
1487072 1488038
1488600 1489496
1493785 1494051
1510014 1518302
1524784 1524918
1525411 1527659
1547599 1549670
1559815 1562892
1572856 1573551
1573768 1586307
1597580 1598873
1600202 1600333
1601776 1602317
1602534 1602620
1618817 1619131
1640042 1641228
1641386 1645152
1645322 1645799
1647344 1647664
1648871 1651624
1651997 1652531
1653972 1656391
1659095 1660811
1662900 1664549
1665353 1667887
1671542 1671642
1671802 1672194
1673965 1676507
1676856 1677347
1678562 1679393
1679541 1680210
1680589 1681193
1681562 1692708
1692956 1694635
1737454 1744428
1775464 1775653
1816892 1820206
1833561 1842602
1843436 1850037
1936346 1937226
1944962 1945142
1945640 1953157
1953671 1966639
1967121 1973634
1978284 1978518
1981372 1982979
1993644 1999135
