NZ_CP007472.1_Haemophilus_influenzae_strain_723__complete_genome
1 837
2734 3332
4975 7011
45080 45557
125096 125794
129815 132299
223862 224273
224877 225222
233828 233959
253261 254758
260568 264354
283206 283465
300144 300813
375359 378964
413131 413244
433880 434013
441185 441289
484798 485281
634669 647712
660935 667667
709680 711503
871918 872442
873333 875097
880658 882632
890029 890339
892660 892784
894364 894506
896650 896730
900541 900704
901157 901558
946643 946946
950325 952570
980224 986143
997336 999913
1024179 1024362
1036054 1036144
1042846 1043029
1047276 1056506
1066635 1066849
1067553 1068202
1087334 1088079
1106126 1106636
1111751 1111813
1135735 1138449
1147022 1147077
1186812 1186976
1210023 1210167
1313148 1313240
1330108 1330231
1377004 1381970
1394569 1395605
1413641 1414015
1434399 1434492
1443346 1445035
1460666 1460796
1464390 1464833
1474307 1479968
1489129 1490326
1566303 1566559
1579798 1580010
1591189 1597792
1637402 1637718
1640645 1640775
1641064 1641177
1737575 1738084
1743203 1743506
1769970 1770078
1797725 1797892
1809853 1812564
1812896 1814102
1822357 1824990
1849281 1850142
1854083 1854259
1855683 1856085
1860339 1860466
1861692 1862423
1885827 1887620
