NZ_CP007472.1_Haemophilus_influenzae_strain_723__complete_genome
1 2228
4371 7597
44017 46039
60802 61017
85570 91697
96111 97153
122792 125012
125844 142807
176785 178802
183141 183431
224958 225091
230839 231021
233828 233959
236862 237268
237552 239067
248006 272769
283206 283465
288356 300813
342646 342888
358129 358554
374886 378964
413131 413244
433880 434057
441189 441289
476923 477027
556378 556501
567266 567475
591749 592589
606520 611569
634577 636173
640562 640741
643756 643952
644112 667667
709680 713832
752301 755506
768936 770079
771441 772732
786613 786756
850569 855760
859813 860174
870458 907455
920756 920825
922030 931282
946588 948811
980224 986189
996017 997383
1006906 1010013
1023910 1024366
1028150 1034120
1036014 1036431
1052733 1053527
1054277 1066849
1067553 1068200
1071323 1071768
1087334 1088079
1093968 1098101
1109646 1112864
1146339 1147147
1186812 1186976
1210083 1210186
1212665 1213119
1246118 1246258
1303487 1304110
1362678 1362817
1376987 1381953
1394541 1395622
1413641 1414015
1443299 1445041
1464128 1464368
1476106 1480022
1489129 1490326
1550480 1550590
1566303 1566559
1580859 1581615
1591189 1597792
1603080 1603479
1603759 1604119
1611081 1612125
1625942 1631393
1637209 1637718
1642003 1642594
1679373 1680797
1737582 1739826
1743066 1743506
1765238 1765337
1769933 1771138
1797497 1797664
1809853 1814109
1815344 1815454
1843501 1887620
