NZ_CP007472.1_Haemophilus_influenzae_strain_723__complete_genome
1 998
4975 7011
45080 45465
90729 93625
95981 97092
129580 130719
131287 131760
138237 138293
223810 224368
224904 225222
236860 239067
254358 254808
263379 264354
283206 283465
300144 300813
374607 381412
413131 413244
433881 441289
498439 498602
556378 556501
591749 592589
607212 609876
615984 616331
634973 636231
643462 667667
709680 711503
725466 725570
870458 870551
871918 872162
873333 874761
875149 907455
946588 946842
948702 948780
950081 950750
980224 983854
996009 1010013
1023910 1027175
1036053 1036560
1047276 1049159
1052733 1053527
1054652 1056506
1066635 1066849
1067553 1068202
1071323 1071768
1079677 1080372
1087334 1088079
1094809 1098056
1106126 1111805
1135735 1138449
1147022 1147077
1152167 1152224
1186812 1186976
1210082 1210186
1337458 1337513
1377004 1381970
1394541 1395571
1413641 1414015
1419737 1446427
1460666 1460796
1464117 1464357
1476330 1480022
1489119 1490326
1550480 1550554
1566166 1566509
1592994 1597792
1625942 1631393
1637402 1637718
1640645 1640775
1641064 1641177
1679373 1680797
1739401 1743506
1769970 1770078
1797571 1797825
1807405 1814102
1815346 1815454
1822357 1824990
1843501 1846469
1849281 1856154
1856291 1857324
1860139 1860391
1860953 1861814
1862762 1864517
1866135 1886102
1886215 1887620
