NZ_CP007472.1_Haemophilus_influenzae_strain_723__complete_genome
1 2228
2447 46136
57887 66331
74858 74915
79529 91739
92573 93643
111328 111384
112967 119869
121041 160174
176784 178802
197176 211792
233828 237268
237568 242296
247275 247577
248004 261073
263104 264363
266925 272988
279578 288443
302874 324327
338437 338736
340270 358356
374537 385843
402156 413083
430792 430980
433867 434057
441189 441289
460555 464406
475275 479935
484504 488456
498439 498602
525698 526204
567266 567475
576574 576863
590850 599788
607210 609751
634577 647711
650813 652030
660935 667667
685171 685917
709667 713180
748619 748780
752396 754144
776217 796457
797654 815723
844267 845429
863470 863624
869940 875204
889721 889910
894364 908134
912203 912637
919243 950750
971047 979934
980011 984323
996013 997784
1036148 1040999
1047276 1056506
1060428 1061144
1066635 1071330
1079677 1080372
1087331 1098241
1106163 1112072
1126212 1135738
1136131 1138449
1146335 1150473
1152167 1152224
1154238 1163688
1186812 1186976
1208044 1213119
1221029 1229123
1237789 1262527
1273337 1280743
1280825 1281323
1291419 1304110
1330100 1330222
1333877 1338584
1359557 1362176
1362678 1381953
1394574 1395562
1443302 1451422
1464104 1465678
1476106 1490358
1497990 1499069
1506814 1506876
1528163 1528353
1537031 1537083
1565993 1571644
1577451 1591227
1593960 1594067
1594690 1594809
1596552 1596744
1596910 1600170
1600448 1616452
1625749 1625931
1627079 1627486
1640648 1641183
1642003 1642594
1645678 1677574
1725231 1725374
1731015 1737635
1740613 1740720
1741343 1741460
1743203 1743395
1743542 1743635
1747754 1765260
1769933 1771138
1782498 1797907
1805329 1814241
1822403 1887620
