NZ_CP007472.1_Haemophilus_influenzae_strain_723__complete_genome
1 55
5149 6978
45272 45932
129848 130766
223942 224240
233828 233959
253346 254212
260568 264354
283206 283465
300144 300813
376389 378964
433880 434013
441185 441289
484798 485281
634669 647712
660935 667667
709680 711503
871951 872129
873333 875097
880658 882632
892660 892784
894364 894506
895960 896700
900541 900704
947315 952163
980257 986110
996025 999913
1047276 1056506
1066750 1066849
1067553 1068202
1087334 1088079
1106159 1106636
1135735 1138449
1186812 1186976
1210023 1210167
1330108 1330231
1377004 1381970
1394602 1395572
1413803 1413982
1434399 1434492
1443346 1445035
1460666 1460796
1464390 1464833
1474340 1476360
1489129 1490326
1566303 1566559
1579831 1579977
1591222 1597792
1640645 1640775
1641064 1641177
1737608 1738084
1742911 1743473
1797725 1797892
1809853 1814053
1822357 1824990
1849281 1850139
1855811 1856085
1862334 1862390
1885860 1887620
