NZ_CP007472.1_Haemophilus_influenzae_strain_723__complete_genome
1 998
6740 6978
45273 46028
90729 93625
95981 97092
129580 129747
130486 131170
131320 131727
236860 239067
263423 264354
283206 283465
300144 300813
374607 381412
433881 441289
498439 498602
556378 556501
591749 592589
607212 609876
615984 616331
634973 636231
643462 667667
709680 711503
725466 725570
870458 870551
873333 874150
875149 907455
946676 946842
950802 952537
980257 984376
996009 1010013
1023910 1027175
1036053 1036560
1047276 1049159
1052733 1053515
1054652 1056506
1066635 1066849
1067553 1068202
1079677 1080372
1087334 1088079
1094809 1097726
1106159 1111772
1135735 1138449
1152167 1152224
1186812 1186976
1377004 1381970
1394574 1395538
1413803 1413982
1419737 1446427
1460666 1460796
1464117 1464357
1474340 1479893
1489119 1490326
1591222 1593417
1596910 1597792
1625942 1631393
1637435 1637500
1640645 1640775
1641064 1641177
1679373 1680797
1739348 1740070
1807405 1814074
1815346 1815454
1822357 1824990
1843501 1846469
1849281 1856121
1856291 1857324
1860139 1860391
1862762 1864517
1866210 1887620
