NC_000907.1_Haemophilus_influenzae_Rd_KW20_chromosome__complete_genome
4421 4542
28151 45651
46265 48994
50793 55458
59473 64862
65567 71237
71792 82686
86562 87153
88087 88523
101974 102206
103497 103972
118229 120071
120349 123436
123571 123777
126941 127121
127249 138794
139330 152324
152410 154762
154945 156725
157604 157818
186853 186905
195586 195776
216913 216976
224732 242274
242402 245958
247724 251211
256996 258104
261437 261521
270766 274851
274975 276083
276318 302864
354890 355028
355530 358149
379102 380483
383719 383818
387473 387595
437052 437386
437925 442935
443843 446149
456956 457530
458045 479819
480330 491407
491936 492461
492983 493324
494900 495640
497062 498360
506270 510815
528137 528771
530192 530604
534887 535048
550794 552794
558242 561713
562338 563913
564424 567680
569692 569749
571481 574467
574939 575268
575391 576124
592670 601686
602333 605829
610581 629517
629603 637446
638321 638407
657062 662542
674489 677663
677746 678194
689088 689348
689867 693368
698712 712488
718758 723604
731567 732931
739158 740933
741450 757180
771165 805863
812470 821630
822184 825657
873394 874962
875668 880414
881053 891464
892660 892874
893440 921018
921954 928036
946484 946626
969684 981784
982440 999700
1000297 1008911
1030352 1031160
1049435 1061891
1066240 1066344
1080469 1081843
1082554 1089034
1090504 1090610
1092597 1092650
1093922 1094706
1096859 1097127
1097710 1097871
1104382 1106472
1115433 1124197
1136558 1137209
1138510 1147778
1158559 1158678
1166764 1167239
1230926 1231866
1240335 1245080
1255944 1256191
1256727 1259803
1286356 1289407
1303136 1324924
1325140 1349197
1349861 1350074
1356689 1357563
1357990 1363315
1364230 1364905
1365696 1380663
1393008 1393597
1402077 1402134
1406741 1416900
1418152 1418727
1432094 1432428
1432965 1446710
1465063 1474215
1481751 1485567
1486533 1493128
1493742 1496799
1497420 1499374
1500174 1502672
1503673 1504734
1505379 1506615
1507369 1507673
1508506 1508627
1508940 1511629
1512179 1513210
1522871 1522943
1542896 1543738
1543839 1594515
1595351 1622292
1622926 1633344
1633869 1634694
1634938 1638052
1638273 1638502
1639050 1665223
1711535 1712503
1715246 1715962
1716868 1717563
1717680 1717765
1756362 1771715
1783074 1783236
1789261 1794009
1794492 1807167
1808623 1809026
1809590 1812259
1816378 1816456
1816604 1823700
1824236 1828894
