NC_000907.1_Haemophilus_influenzae_Rd_KW20_chromosome__complete_genome
83679 83975
87973 88660
101800 102206
103353 103607
127479 128758
138510 138705
142115 144717
145294 146489
154570 154803
155325 156669
173211 173337
233542 233888
233988 235440
242339 246188
250072 250672
257842 258106
275756 278573
287779 289362
347123 347277
413488 414126
528134 530604
534887 535048
550794 550934
569692 569749
574797 574961
575850 576060
610581 613479
614357 615534
623782 625291
625970 629220
656966 662258
662394 662552
674489 678194
693106 693368
698712 706529
706825 708641
709605 710384
723197 723699
736763 737160
759826 760046
771068 776600
792057 792227
801519 801901
816991 819197
828868 828924
916402 917529
919273 920052
922035 927400
982103 982166
983675 983957
1030131 1031160
1046067 1046165
1049454 1061807
1073504 1073944
1104262 1106471
1109735 1109969
1121728 1123638
1166764 1167239
1173782 1174401
1177619 1177772
1344838 1344965
1356907 1357561
1364758 1366189
1366374 1370765
1373062 1373185
1379730 1380154
1392588 1393597
1416014 1416252
1416845 1418727
1493032 1493129
1493285 1494534
1498773 1499149
1499486 1499738
1500062 1502672
1506327 1506427
1506563 1510550
1511256 1511336
1511663 1512847
1537185 1537961
1542251 1543150
1543711 1546064
1546205 1549969
1550761 1551273
1554438 1555040
1556670 1556764
1558780 1559624
1559717 1594398
1632142 1632412
1633242 1637540
1682816 1686186
1693173 1693865
1711535 1712171
1716893 1717501
1756384 1756551
1783194 1783285
1789221 1790480
1793077 1794491
1805236 1806552
1807336 1808103
1808968 1809045
1816596 1822147
1828778 1828897
