NC_014920.1_Haemophilus_influenzae_F3031_complete_genome
1 70
877 1271
4430 4846
7455 7807
16539 25416
26338 27100
27725 28357
31508 33566
34135 36196
39096 39435
40474 41152
44723 44789
46225 46945
49173 50350
52220 54255
56312 56995
58698 59512
60481 60842
64911 65508
68410 68763
72468 72926
74571 74935
78407 78992
80855 80978
81287 81356
81578 82714
85995 119089
123537 124208
124675 126142
128042 128900
140702 141084
147647 147878
148577 148978
150561 150748
151600 151690
153142 153395
153964 155750
155914 159983
160609 162913
163475 163967
168568 169198
170944 171025
171165 171459
171878 172376
172594 172647
178380 178466
179872 181214
181898 182566
184649 184895
186079 189892
191215 191695
192403 192680
193552 198410
200347 200816
202658 203223
204054 205028
205861 206130
207293 208260
211690 212659
213218 216932
217638 217915
218427 219495
220167 220625
220975 221297
222360 222513
226830 227093
227648 227794
229198 229388
229770 229871
231470 232030
237525 238599
239554 239635
241436 241879
242985 243580
244158 246311
246861 247065
247808 249307
252518 252994
257938 258105
260925 261768
265499 267408
267985 269477
270798 271119
272542 272818
273843 273916
277196 286586
287948 288046
290281 290543
291336 291919
292717 293998
295763 296549
297119 297381
297922 298000
298521 298772
299598 300348
301926 303983
306397 309454
310273 311381
312088 312180
314994 315381
317949 318072
319472 321422
322851 323160
323846 323982
325073 328565
332234 332920
334122 335020
335755 335841
336611 336895
342667 342726
343460 344089
344952 345250
346240 355045
355666 365169
365271 365379
365830 366961
367055 370389
370670 371406
372275 373425
373943 374105
374408 374967
376115 376583
379242 380942
381459 381511
382944 388486
391157 391407
392916 393170
395682 396658
398789 399622
401569 403727
404516 404669
406417 406821
408042 408704
409522 409839
410917 410977
412778 413963
414931 415092
415512 415603
417873 418287
419429 421417
422494 422644
425589 426014
428856 431821
431918 432246
433503 433932
442117 442506
445733 445956
446651 447983
454254 454434
456092 458297
458801 459897
463701 464259
465056 465566
468140 483522
486152 493734
494947 495390
499208 499442
500131 500674
500792 501751
507170 507767
508211 508874
509686 510343
513025 513532
515371 515689
517417 517579
518891 519297
519814 520744
524993 525761
526500 526686
529200 529432
531185 531300
532154 532754
533880 535379
536272 537763
551193 551969
552917 553699
554248 555751
559994 560256
564569 564873
566645 566830
569326 570271
576683 583942
585021 585081
585691 586357
587415 589971
591359 591460
593661 598838
599794 600253
603021 603758
605466 605563
605945 606080
608509 609678
610907 611232
611423 612707
613939 615057
616737 628400
628938 629181
630632 630730
631721 632026
634862 640526
641910 642037
644098 644221
646885 647037
648003 650526
651535 651817
652471 653015
653773 654372
654941 655390
658059 658852
659647 660781
663115 675629
675846 676581
678018 678495
680530 680742
682442 684868
686495 690951
696282 699694
702031 702577
707763 708555
709804 711063
711638 713408
714657 715060
716027 717767
719633 720910
721265 722502
726278 726785
727533 727981
728609 732940
733503 737266
738291 738957
743576 743993
745184 745530
747939 748475
752046 752414
752924 753637
755850 755947
756492 760225
760897 761709
761831 769440
773013 773856
777999 779645
781411 781570
783193 784710
790038 790152
792549 793165
795324 795738
796296 796466
796957 797999
798202 798417
798939 800503
801463 803499
805739 806687
807218 808567
809299 809748
810038 810679
811190 811874
812388 816087
820590 821205
822662 823327
825018 825204
826894 827331
829034 829212
829992 838888
842378 844485
849962 850665
852064 852954
854230 857706
858035 859521
860199 860519
861727 868410
869577 870270
870784 880803
885050 885150
885310 885688
886167 886386
887397 890842
891298 892695
893201 893292
894649 909687
909935 911614
919431 919666
922587 922659
923244 923552
925646 925887
929445 929505
931531 932473
935854 936774
937283 938159
938236 939318
941893 943530
946641 946968
951684 952126
953269 953878
954492 962119
962818 967467
969070 969358
973447 974011
975902 976829
982255 982923
983954 984282
985155 985400
986424 986702
990653 990918
991633 995664
998428 999119
1000945 1001186
1003904 1007010
1009548 1009803
1011363 1011535
1012852 1013064
1013876 1014328
1018172 1018655
1019832 1019916
1020961 1021408
1022197 1022655
1026075 1027328
1027875 1030097
1032980 1038100
1040128 1040239
1041007 1041137
1042104 1042491
1045305 1048976
1049555 1050815
1051364 1053023
1053840 1056035
1056928 1057543
1059377 1067496
1068029 1069723
1072638 1073769
1074814 1075311
1076117 1076508
1077194 1077344
1078901 1079173
1079899 1079981
1082631 1082909
1085358 1085470
1085995 1086264
1086922 1087363
1089252 1090156
1097420 1098581
1100887 1101197
1101731 1101976
1106795 1107701
1108307 1108761
1110457 1110707
1111929 1112086
1112765 1115007
1115538 1116203
1117228 1117558
1120068 1120321
1123361 1123508
1124081 1124690
1128366 1129889
1133880 1134131
1135277 1135805
1143461 1144537
1147452 1147691
1148327 1149052
1150455 1151853
1152464 1153718
1155410 1157923
1160039 1160215
1160826 1161407
1163317 1163567
1165322 1166340
1167384 1170159
1171789 1172842
1174824 1175428
1178109 1178457
1178808 1179145
1180215 1181039
1185912 1187262
1187989 1189019
1189828 1190353
1190884 1191484
1192384 1192652
1193988 1194170
1195166 1195266
1196217 1200553
1202484 1203024
1203638 1203773
1205382 1210526
1212791 1212889
1213375 1213940
1214936 1215539
1216104 1216792
1218570 1220918
1221955 1224000
1224758 1225326
1225863 1226963
1229016 1229261
1230832 1231195
1231857 1232049
1236114 1237133
1240822 1252238
1253105 1256842
1257033 1263627
1263789 1270448
1270593 1270678
1274623 1275027
1275885 1276285
1277700 1277904
1278258 1278722
1280000 1280382
1281305 1281687
1283244 1283420
1284547 1284937
1285473 1285781
1290345 1290718
1292822 1292938
1293599 1293850
1295485 1296097
1296819 1296963
1298870 1299588
1301209 1301451
1302657 1304012
1304663 1306786
1308284 1308702
1311789 1312089
1312984 1314422
1315050 1315532
1317103 1317893
1322589 1323031
1323962 1324251
1326105 1327281
1330971 1331206
1331762 1335179
1336161 1336656
1337454 1339941
1340542 1345042
1345944 1350137
1351582 1353848
1357078 1357286
1358899 1363713
1364783 1365647
1367242 1369302
1373197 1373491
1374074 1378534
1379074 1379494
1380937 1381285
1381794 1382866
1383653 1384289
1385332 1385674
1387063 1387539
1388345 1388419
1390751 1391336
1392128 1393068
1395408 1396988
1398186 1404515
1406879 1407754
1410045 1410338
1415085 1416319
1418747 1418811
1421097 1421395
1421945 1422567
1423745 1424424
1425869 1426461
1428537 1428609
1431668 1432137
1432979 1433221
1433851 1435139
1435866 1436157
1440151 1440595
1442592 1442853
1443458 1443801
1445842 1445988
1447494 1448441
1449355 1449817
1450506 1451192
1451853 1453146
1454448 1455076
1455943 1457903
1459905 1463571
1465234 1466694
1469984 1470350
1472231 1473829
1474731 1475858
1476774 1477036
1478380 1478719
1480891 1481366
1482302 1482359
1484406 1484856
1485624 1490718
1491270 1492625
1495994 1496320
1497338 1506120
1508100 1508350
1508892 1509297
1510192 1511217
1511826 1512221
1513090 1513432
1514425 1515625
1516533 1516900
1519332 1519427
1519974 1520332
1520932 1521257
1521800 1521951
1522733 1523155
1525357 1525636
1526289 1526413
1528154 1531153
1531666 1537912
1538950 1539719
1540953 1541096
1541957 1542023
1542632 1542970
1545236 1548663
1548919 1549998
1550603 1550726
1551080 1552345
1557675 1558233
1558839 1559218
1559651 1560299
1562231 1563257
1563422 1564678
1566747 1567777
1568565 1569363
1571787 1572818
1575212 1575967
1577412 1578676
1579181 1580018
1581754 1588888
1589546 1591213
1592483 1596299
1597242 1598179
1600497 1600762
1601394 1601573
1602179 1603367
1603582 1603932
1604491 1606783
1607638 1608005
1609565 1610929
1612118 1612343
1613052 1618407
1618924 1619727
1622510 1622954
1625774 1626119
1628209 1629707
1632131 1632230
1636552 1637054
1639534 1640794
1642956 1643413
1644521 1644749
1645168 1645656
1646227 1646280
1646819 1647114
1647957 1648438
1649031 1649840
1651354 1653561
1654732 1656803
1657484 1658439
1659082 1659723
1660452 1664583
1665096 1667205
1668417 1668763
1669382 1669622
1670384 1670659
1672349 1672431
1673018 1674101
1675141 1676348
1677001 1678440
1679616 1681591
1682636 1682944
1684265 1684583
1688452 1689936
1690752 1690878
1691537 1691861
1692841 1695191
1696242 1696833
1701423 1701477
1702728 1702834
1703733 1704493
1705926 1706537
1707404 1707911
1710159 1710742
1712396 1713132
1713742 1713857
1714875 1715046
1716424 1716928
1717504 1717739
1719044 1722790
1724806 1726600
1728109 1728976
1734976 1735806
1736543 1736601
1737308 1737825
1738405 1739491
1740559 1741917
1742465 1742606
1744352 1744515
1748419 1748833
1749480 1749731
1751902 1752490
1753117 1754681
1757122 1758125
1762002 1762682
1765553 1766608
1767139 1767258
1769336 1769558
1771184 1771519
1772335 1773124
1773722 1775299
1776459 1776540
1777065 1777415
1778351 1779586
1780857 1782342
1787141 1788249
1789248 1791770
1793421 1799846
1800550 1801074
1801682 1801773
1804599 1804816
1807545 1808073
1808793 1809009
1810227 1813653
1814473 1814551
1815164 1820121
1823050 1824410
1825134 1825982
1827293 1827631
1828274 1828985
1830855 1831937
1832617 1832968
1836288 1837285
1838007 1839297
1839581 1839734
1844039 1844593
1846476 1847243
1848067 1848320
1849496 1854007
1854526 1856099
1857386 1857531
1860887 1861321
1862420 1863080
1864024 1864576
1865611 1865703
1866396 1867639
1868165 1871624
1872260 1872687
1873370 1873640
1874635 1874887
1878411 1878632
1880954 1884387
1884879 1887742
1892817 1892987
1895019 1895608
1899844 1900731
1902545 1903012
1904510 1904760
1906697 1907151
1909782 1910105
1912743 1914437
1915015 1915295
1916140 1917144
1920934 1922644
1927812 1928699
1929810 1931075
1933430 1933700
1934523 1935192
1935860 1937209
1938214 1938386
1939106 1939359
1941175 1941599
1944208 1944277
1945823 1945911
1947672 1947917
1951706 1951790
1953635 1954306
1956517 1957697
1958274 1959692
1961866 1965359
1970477 1971424
1972037 1977949
1979324 1979442
1983856 1984347
1985726 1985832
