NC_007146.2_Haemophilus_influenzae_86-028NP__complete_genome
48951 50375
87678 87744
105878 106352
106477 106884
124922 128010
136302 140316
140599 145648
154761 160212
174029 175073
182035 182395
182675 183074
188362 189244
189514 189739
191345 194667
204534 205290
306011 311190
320959 321221
324552 324636
340401 341736
350829 363039
363569 365843
403330 409120
423290 423429
455820 456431
482433 483056
539845 539985
544042 544266
544346 547273
576216 576670
636898 637063
643132 644955
678117 684284
693498 696741
709572 710889
723023 723670
724374 739166
755473 755890
757784 763754
767445 767994
781867 784974
787671 794705
805616 810701
838956 839087
842661 844271
860190 869443
870648 870717
894344 902428
903231 903952
967773 967916
981796 983100
984462 984653
999045 1002242
1028971 1029090
1040741 1043625
1086079 1110285
1113005 1113184
1117512 1119198
1123547 1124362
1143584 1146871
1160842 1161682
1185903 1186112
1196876 1196999
1276344 1276448
1312098 1312198
1319357 1319514
1369971 1378848
1380138 1380246
1408265 1411413
1412141 1414724
1415688 1419140
1419649 1420236
1420922 1433361
1434249 1437274
1437903 1451141
1451669 1458851
1460994 1464219
1500600 1501703
1517386 1517601
1577852 1580072
1580904 1582876
1583411 1586262
1586769 1591104
1591661 1597915
1632003 1634020
1638365 1638658
1691881 1692287
1692571 1694086
1703025 1705997
1706936 1709184
1709863 1716290
1716877 1720267
1721486 1728612
1798654 1798896
1830149 1830199
1830437 1834378
1846603 1846770
1873132 1874337
1878933 1879032
1901257 1906371
