NC_007146.2_Haemophilus_influenzae_86-028NP__complete_genome
88584 88694
88972 89102
92194 102851
103402 148600
188362 189894
192980 194730
305913 311253
340401 342005
403330 409120
544313 545681
636991 638153
643838 644955
652072 653741
654155 654777
667327 668334
678768 684494
723021 723670
724374 724588
735197 744628
791967 794690
807346 811167
839007 840542
841274 844106
1028971 1029090
1086079 1092811
1106083 1124030
1142982 1143417
1145059 1146912
1312098 1312202
1319361 1319496
1371956 1378785
1387189 1389828
1412343 1412532
1416162 1416404
1418023 1418806
1422600 1424798
1425850 1429303
1429940 1430247
1430359 1430568
1431322 1454254
1455386 1456425
1462128 1463083
1547571 1547793
1708364 1709180
1715587 1717906
1830149 1838911
1846385 1846552
1900966 1906502
