NC_007146.2_Haemophilus_influenzae_86-028NP__complete_genome
4401 4544
52173 63540
64179 66243
66948 72618
73173 84069
87153 87744
88811 89099
92194 96732
97269 148600
158842 159075
160223 160405
169702 182761
183864 185717
185984 189244
189391 192855
192980 193160
200398 205352
205916 214523
214609 219968
248882 248934
257612 257802
279043 279105
286850 311322
320114 324636
333879 337969
338093 340364
340494 365841
403330 423429
423931 426550
447523 448835
452071 452165
455943 456443
482433 482682
483271 484348
485101 495135
505230 505564
506103 513222
523576 524151
524666 544267
544382 549764
550274 551546
560212 561353
561882 562407
562929 563270
564846 565586
567008 568306
576216 579081
579805 580614
625484 627899
629587 631162
631673 634921
636898 637063
643421 644956
652072 667183
668461 678641
678769 684416
692488 696741
697244 698989
700402 700594
702628 703876
709700 711545
720458 724588
730073 730789
735197 738431
742744 744628
750905 755756
794394 794714
805759 811464
811550 819467
820342 820428
839083 841149
841934 842041
842664 842783
844526 844718
844865 872230
878837 883425
884399 884587
890903 891047
938806 940374
941080 945826
946465 956875
958072 958286
958852 978312
1000403 1002147
1005763 1005924
1028971 1041085
1041393 1043734
1067826 1068572
1086079 1092811
1106087 1110285
1113011 1119198
1123559 1123866
1142982 1146912
1153919 1162529
1185903 1186112
1254805 1254968
1264904 1268570
1273436 1275027
1277728 1278112
1288981 1289220
1289756 1292832
1312098 1312198
1319356 1319528
1322421 1322599
1340306 1350787
1351026 1351236
1367549 1389776
1400499 1458522
1459070 1459299
1460032 1501610
1502048 1502719
1514470 1516769
1517327 1518465
1519268 1522918
1531445 1531502
1536111 1547836
1548671 1549741
1566389 1566445
1568028 1574930
1576102 1576686
1577296 1586272
1586699 1591037
1591350 1591471
1592304 1594310
1594955 1599202
1599823 1604772
1605013 1610335
1611305 1615394
1632002 1634020
1652397 1666142
1666679 1679007
1679121 1692287
1692587 1694845
1695664 1696269
1697226 1697315
1702294 1702596
1703023 1716092
1717992 1720208
1722769 1728831
1735414 1735627
1736956 1758658
1758874 1780668
1794444 1794743
1797485 1798201
1799106 1799192
1799309 1799400
1830121 1838945
1846770 1861773
1873132 1874337
1879016 1896515
1900634 1900707
1900811 1908159
1908695 1913250
