NZ_CP009610.1_Haemophilus_influenzae_strain_Hi375__complete_genome
4098 7990
8509 8689
11798 11897
28462 28628
71064 73948
112399 115606
129988 130179
131541 132868
146748 146891
210712 211432
212235 215902
219955 220304
243968 244037
245242 254495
271902 273409
274084 275723
303979 305589
307103 309305
319193 320339
329990 333097
346964 347513
351188 357174
359068 359485
370330 377580
393028 393309
417012 417526
417793 421433
431794 435528
441417 441799
469057 470078
535442 535896
564839 567943
568042 568263
572318 572458
629671 630294
639080 639133
642088 644942
645670 648261
649225 654267
655792 669821
670350 684939
685719 685901
686567 690716
705088 705215
737678 737817
764514 764806
789737 792011
792541 803295
804611 804891
813716 814924
831082 831166
834497 834759
844525 849704
859057 860067
950527 951283
961147 966406
966549 967442
972730 973129
973409 973769
980731 981775
995592 1001043
1010296 1010572
1011412 1011478
1048926 1050350
1107456 1112569
1134798 1134897
1139493 1140698
1167110 1167277
1179541 1183275
1199722 1200155
1215398 1215640
1285618 1292754
1293973 1297877
1298464 1304925
1305604 1307852
1308791 1311763
1320703 1322218
1322502 1322908
1376204 1376494
1380855 1382872
1408877 1411089
1417957 1424206
1424763 1429087
1429588 1430647
1431024 1432439
1432974 1437998
1463637 1464679
1469093 1472930
1473590 1475224
1475348 1476405
1499768 1499983
1515666 1516769
1553179 1555662
1557805 1558318
1584429 1584537
1585830 1594870
1645297 1645521
1652707 1652807
1688532 1688636
1767824 1767947
1778711 1778920
1803135 1803975
1817909 1818340
1818890 1818986
1819613 1822958
1841585 1841922
1846327 1847928
