NZ_CP009610.1_Haemophilus_influenzae_strain_Hi375__complete_genome
28462 28628
131807 131862
270579 273410
274136 275672
303513 304016
307103 309238
321038 322997
373910 374120
374445 377454
393028 393309
417663 421485
431884 434632
441417 441799
447620 448627
469117 469331
567970 568041
650523 652211
652401 654966
660453 660757
674598 680014
688314 689220
764504 764807
803263 803350
844462 849804
859057 860067
961084 967442
1107325 1112860
1164591 1164653
1167110 1167277
1174973 1181848
1298628 1299200
1305608 1306424
1408877 1411089
1429509 1430891
1435077 1435560
1554373 1554588
1585865 1594904
1645297 1645512
1652703 1652807
1846720 1850897
