NZ_CP009610.1_Haemophilus_influenzae_strain_Hi375__complete_genome
4098 8562
28462 28628
46132 73296
108720 108881
112499 114244
136352 155812
156378 156592
157789 168199
168838 173584
174290 175858
223616 223770
230086 230274
231261 235849
242455 269820
269967 270159
271902 272019
272642 272749
273535 273956
294252 294338
295213 303130
303216 309161
320226 320477
359202 364053
374123 377454
381987 389917
405383 406078
407356 417536
417664 421123
421253 421433
421561 423072
431143 431657
431884 433893
434918 435531
436033 437778
439191 439383
447621 452511
469047 469789
470383 473409
475125 475189
477172 480429
480940 482515
484203 486621
531498 532307
533031 535896
543806 545104
546526 547266
548842 549183
549705 550230
550759 551900
560566 561838
562348 567923
568032 587637
588152 588727
599537 606650
607189 607523
630045 630294
639098 639436
642088 654267
654661 660256
660677 690716
704965 705096
708872 708963
712200 713536
734335 737176
737678 745432
764526 764806
789739 796293
803250 816759
816992 817625
817749 821839
831082 835604
844393 860209
867817 868896
876641 876703
897997 898187
906865 906917
935828 941208
941294 949901
950465 966457
966560 969820
970098 971940
973043 986102
995399 995581
996729 996962
1010288 1010456
1011412 1012003
1042461 1047127
1094793 1094936
1100577 1105132
1105668 1112973
1113121 1113194
1117313 1120541
1133391 1134820
1139493 1140698
1152047 1167113
1174939 1183737
1199928 1214985
1215102 1215188
1216093 1216809
1219551 1219850
1233924 1255353
1255569 1277271
1278600 1278813
1285399 1291471
1294032 1296631
1298662 1311765
1312192 1312494
1317474 1317563
1318520 1319125
1319944 1322202
1322502 1347918
1350332 1362459
1380855 1382873
1391546 1391965
1399446 1411609
1412177 1416050
1416671 1420912
1421557 1423563
1424396 1424517
1424830 1438554
1439164 1439749
1440921 1447823
1449406 1449462
1467147 1468217
1469051 1481261
1485867 1485924
1494451 1498101
1498904 1500042
1500600 1502899
1514809 1515321
1515759 1556623
1557351 1557581
1558134 1566814
1585642 1597293
1613607 1613817
1614056 1624537
1642231 1642409
1645284 1645568
1652707 1652807
1672073 1675149
1675685 1675933
1686797 1687093
1689953 1691544
1778711 1787921
1802236 1810899
1818599 1821140
1841913 1850897
