NZ_CP009610.1_Haemophilus_influenzae_strain_Hi375__complete_genome
1366 11897
28462 28628
85579 85670
131839 132535
269953 273409
274084 275691
307103 309258
319155 324000
324586 329907
346964 347361
359107 359614
373910 374417
393028 393309
405383 406078
417663 421126
431660 431711
431794 433672
441417 441799
469117 469331
475125 475189
564821 568245
639080 639133
643929 646100
649402 654284
655772 658834
659859 662544
663937 690430
705098 705225
712510 713220
765363 765642
789739 795909
803238 804891
813721 815470
815673 816844
834497 834759
844317 849866
859047 860067
961017 967442
996729 997136
1038269 1038446
1048926 1050350
1107221 1112981
1175075 1176976
1179575 1183331
1183492 1183667
1320703 1322202
1322448 1325809
1408877 1411089
1428697 1428841
1429578 1430451
1430599 1431210
1463698 1464809
1467165 1469473
1584429 1584537
1585797 1592843
1645298 1652807
1767824 1767947
1803135 1803975
1818697 1821265
1827373 1827720
1841585 1841922
1846271 1850897
