NC_009566.1_Haemophilus_influenzae_PittEE__complete_genome
1 1282
1470 2917
10390 11137
149705 149761
175926 176200
186292 199757
208546 208787
225710 226338
271393 276253
345490 347564
376210 376361
377997 379174
379691 381636
409371 414651
463649 464515
533316 536465
551898 552979
566798 569986
582735 583526
675163 680510
702739 702838
707482 707644
741795 751430
773092 773498
919310 924057
950103 950820
1026435 1026650
1043567 1044753
1060494 1060806
1084477 1084584
1117309 1117418
1118720 1123190
1164934 1168007
1181160 1181370
1188504 1188609
1299544 1299827
1318754 1318967
1344567 1345443
1379651 1380032
1384468 1385916
1393174 1397261
1400373 1400470
1465671 1465813
1531872 1533147
1605136 1605237
1624028 1624357
1639790 1639940
1677579 1679249
1679859 1681669
1692601 1692942
1740187 1740256
1753491 1753705
1754072 1757707
1786292 1786581
1796570 1804007
1812211 1813033
