NC_009566.1_Haemophilus_influenzae_PittEE__complete_genome
1 4500
10390 11137
30500 31377
39269 40672
45693 47672
107830 108269
175926 176200
186284 187045
252630 258049
264145 264284
271393 276839
296522 296813
314741 314869
319701 321750
336382 336475
345286 347039
347448 347564
362793 362923
366254 366719
376277 377028
378379 381636
409403 413033
460090 466502
485694 486420
492382 492507
522496 522691
524002 524096
532769 538124
541587 542017
551909 552369
579221 579754
580579 580648
582736 583529
675327 675536
676044 677397
679148 680804
707433 707524
731550 731612
741763 750573
750733 751430
773092 773498
782788 783191
837789 838379
853973 854630
863555 865115
865399 865886
890788 890952
923924 924057
950103 950820
958276 959723
960102 963552
964376 965727
967109 967548
996260 996482
1027357 1028665
1060391 1060806
1081179 1085605
1086209 1087013
1088553 1089272
1107764 1110401
1118734 1118808
1120315 1127681
1164934 1168007
1181155 1188609
1224332 1224429
1289027 1293016
1299544 1299827
1307874 1307995
1332290 1333677
1344275 1361029
1384379 1385916
1390437 1396977
1460169 1466002
1504503 1506999
1520417 1530509
1562417 1562631
1594801 1595182
1605136 1605237
1610374 1619943
1635036 1635095
1639792 1639942
1648163 1649417
1650626 1660437
1676502 1679259
1680065 1681622
1694654 1695380
1699680 1704053
1717931 1718120
1736355 1743883
1748034 1756923
1786261 1787270
1796613 1803857
1812211 1813033
