NC_009566.1_Haemophilus_influenzae_PittEE__complete_genome
1 11140
18098 30503
30896 31377
39265 59146
64563 104695
116179 124272
132941 141273
146162 157451
168260 175670
175752 176200
199124 199757
225709 226210
229985 234631
252627 258046
261027 263638
271393 276253
296173 296368
345550 353551
366224 367565
376215 377870
377997 378177
378306 381932
382018 390841
409752 411323
412108 412215
414875 433912
441598 441660
460090 466502
474006 474058
482736 486418
507909 513179
513265 532642
534158 544653
544932 557304
566605 566787
579224 579759
584523 616512
618311 639154
662735 662846
668511 675133
675258 680956
681059 681132
685251 688487
701332 702761
707482 707644
719005 734170
741730 751500
767474 785807
787341 787640
801667 823109
823325 847157
853755 854632
855059 905567
940669 951940
952503 967931
969104 976009
977592 977667
994312 995382
996217 1007927
1012534 1012591
1021120 1030880
1042635 1043306
1043744 1044775
1060396 1086333
1086466 1087372
1088104 1088329
1088582 1097048
1107764 1130068
1146388 1157316
1164914 1167987
1178100 1178309
1181178 1188609
1207900 1211733
1222598 1224429
1225747 1235884
1272954 1273460
1299544 1299827
1307874 1307995
1318754 1333642
1343720 1360449
1360614 1361029
1379988 1396406
1396599 1397233
1435203 1465996
1500822 1500983
1504503 1505556
1506825 1506973
1520417 1547164
1557921 1576196
1610369 1619956
1627655 1627798
1634114 1635094
1635184 1640043
1646648 1651003
1660082 1660596
1675825 1681664
1692601 1692917
1717913 1718123
1719913 1726044
1736358 1743214
1748034 1773351
1785423 1787269
1796613 1803941
1812002 1813033
