NC_009566.1_Haemophilus_influenzae_PittEE__complete_genome
1 1429
1561 4688
5370 6326
7113 7747
8973 11592
12804 13150
13770 14011
14773 15048
16738 16820
17407 18489
19529 20736
21389 22828
24004 24434
25665 25979
27020 27803
28653 30232
30500 31377
33715 33770
34620 35199
36015 36141
36801 37124
38104 38171
39129 40672
41724 42315
48261 48367
49266 50027
51477 52077
52944 53451
55699 56281
57933 58669
59279 59394
60412 60565
61942 62446
63022 63257
66596 68379
69889 70759
75793 75907
76743 77583
78317 78375
79082 79599
81035 81265
82273 83622
84170 84311
86057 88476
90121 90535
91184 93047
93608 94194
94821 96385
98829 99830
103702 104358
105419 105655
105975 106049
107830 108044
108800 108919
110997 111219
112845 113180
113996 114785
115383 116959
118119 118200
118725 119075
120011 121246
122517 124002
125998 129917
130913 133435
135086 136721
139710 140234
144189 144406
147141 148605
149705 153177
154688 155029
159084 159645
162574 163932
164656 165507
166817 167154
167798 168509
173685 175603
175926 176200
176379 176532
180838 181391
183456 184039
184863 185865
186374 187361
187900 189617
190128 191585
192104 195178
198534 198952
200051 203332
204025 205268
205794 208474
208546 209314
209950 210377
211060 211273
211507 211625
212717 212853
213539 213848
215277 217227
218627 218750
224518 224610
225316 226929
233224 233526
233638 235274
236852 237600
238426 238677
239198 239276
239817 240079
240649 241436
243196 244482
245280 245864
246641 247802
248429 249252
252109 259642
262917 262990
264011 264284
265704 266026
267784 273385
273557 276839
280570 283704
284233 284997
289344 289819
293034 293441
295278 295482
296032 297062
298774 299369
300474 302816
303772 304845
310343 310899
312499 312600
314576 314722
315277 315540
319865 322558
323230 324298
324810 325087
325793 331819
334419 334596
337324 338298
339124 339663
340633 341990
345421 347564
348263 349100
349979 350256
350964 351444
353951 354197
356279 356948
357631 358975
360380 361031
362793 362923
369398 370028
372601 375121
375683 381669
382181 385086
386828 386952
387605 387884
390086 390508
391289 391440
391983 392308
392908 393266
393813 393908
396343 396711
397618 398817
399810 400152
401025 401420
402029 403054
403949 404354
404896 405146
407126 407974
409151 415034
415646 416606
420306 421037
422160 422344
424026 425938
429333 430513
432722 433392
435236 435320
439113 439358
441120 441208
442756 442826
446074 446488
447763 448016
448736 448908
449913 451262
451931 452600
453423 453693
456045 457310
459665 466502
467590 467913
470551 472245
472823 473103
473948 474952
479219 479337
480030 480089
485257 486418
487917 488371
490294 490544
492044 492262
492382 492507
494331 495216
499451 500040
502072 502242
507319 510265
510801 514162
516484 516869
520230 520482
521711 522857
523375 523537
523840 524492
525046 526108
528761 529262
529898 530462
530979 531031
532464 540881
541577 542007
543456 543546
544933 545626
546325 546556
550192 552369
553158 553540
565337 566195
566798 567250
567971 570608
574228 575071
579221 580357
580579 580648
580957 581080
582203 584320
584521 585010
587796 588160
589805 591793
593905 594258
597161 597758
603163 603977
605680 606363
608429 609017
609751 611207
615358 615505
617957 618729
620856 622032
624260 624980
626418 626484
630052 630730
631769 632108
635008 637070
637639 639697
642848 643480
644105 644867
645789 645855
646443 646724
648930 649347
658019 658346
659464 659816
662425 662837
665998 666393
667200 667377
668756 669247
673661 673781
675156 681110
683781 684031
685540 685794
686312 686368
690609 691448
693396 695554
696343 696496
698246 699320
699870 701670
704700 705286
706853 707014
707433 707524
709808 710220
711818 711998
714711 715107
721267 721826
722623 725227
726207 726716
731476 731982
735803 736037
736726 737270
741865 742425
743014 744503
745473 750579
750905 751355
754533 756580
759262 759769
761608 761926
763654 763816
765128 765534
766051 766421
771225 772000
772739 773498
775719 775951
777704 777819
778673 779273
780399 781895
782788 783191
783347 784045
797438 798214
799163 799945
800494 801979
806233 806495
810799 811103
813018 813203
815700 816647
824501 824561
827041 827378
829474 829598
830986 831087
833288 838465
839421 839880
842648 843432
845094 845191
845573 845708
848136 849301
850528 852601
853973 854630
855169 855412
856862 856960
857952 858241
861078 861270
861749 867402
868929 869054
871115 871238
873902 874053
875021 875384
878571 878843
879501 880046
880805 881404
881973 882422
885667 886460
887718 888390
896553 899859
905367 905434
906871 907348
909380 909592
911292 913729
916423 917333
917859 919367
919548 922611
923924 924057
932537 933085
938289 939081
940336 940887
945139 945543
946510 951557
952210 952605
953216 954014
958276 959723
960098 960465
960684 963229
963467 963546
963950 964212
965043 965727
967111 967675
968678 969126
969755 969899
976955 980535
982237 982654
983845 984191
986601 987137
990706 991074
991585 992097
994330 995672
996260 997665
998337 999139
999269 999937
1000251 1001099
1001658 1001885
1003198 1005667
1006313 1006882
1008623 1009166
1010911 1011754
1013608 1016548
1019339 1019498
1024073 1024289
1027357 1028931
1029957 1030431
1036210 1036324
1038723 1039339
1041498 1041912
1043532 1043674
1049257 1049872
1051339 1052004
1052618 1053881
1055565 1056002
1057669 1057855
1058635 1060806
1063924 1064163
1067509 1069046
1071011 1073117
1078601 1079304
1080703 1080841
1081179 1085605
1086209 1087013
1088553 1089201
1097092 1101201
1103295 1103536
1107093 1110355
1111811 1112753
1114376 1115632
1116127 1117054
1117309 1117690
1118586 1127023
1130145 1131227
1134328 1135442
1138553 1138880
1147140 1147554
1148253 1149472
1150309 1150434
1154465 1154753
1158847 1159411
1161307 1162234
1164934 1168007
1170734 1171402
1172433 1172762
1173635 1173880
1174901 1177185
1179134 1179399
1180523 1180941
1181155 1183995
1186757 1187448
1188504 1188609
1189235 1189476
1192195 1192670
1194895 1195299
1195879 1198095
1199656 1199828
1201145 1201357
1202169 1202621
1206465 1206948
1208126 1208210
1209255 1209702
1210494 1210949
1213065 1214477
1217085 1223436
1223955 1224429
1225459 1225570
1226338 1226468
1227435 1227822
1230637 1231201
1235771 1237138
1237961 1239350
1239966 1240165
1245167 1245861
1248293 1248911
1251827 1252958
1254003 1254500
1255306 1255698
1256384 1256534
1258092 1258364
1259090 1259172
1261821 1262102
1264536 1264648
1265173 1265449
1266100 1266541
1268430 1269333
1276605 1277766
1280072 1280382
1280917 1281162
1286282 1287023
1288882 1289887
1290501 1291677
1292250 1292889
1295933 1296193
1297546 1297842
1298448 1298902
1299544 1301074
1302299 1302456
1303135 1304676
1305907 1306572
1307596 1307927
1310437 1310692
1313737 1313882
1314469 1315078
1318753 1318810
1319987 1320277
1324264 1324515
1325661 1326189
1331939 1333642
1335229 1336306
1339221 1339460
1340096 1340821
1342224 1343622
1344219 1346528
1347070 1349663
1350300 1351955
1352566 1353146
1355053 1355303
1359119 1359193
1359383 1360464
1360628 1361029
1362158 1362762
1365443 1365790
1366141 1366478
1367548 1368372
1374359 1374592
1375322 1376351
1377162 1377687
1378217 1378817
1379651 1380265
1381598 1381780
1382789 1382889
1383840 1386093
1386293 1388139
1390070 1390610
1391224 1391359
1392971 1396406
1396599 1397233
1398028 1398097
1400373 1403115
1403692 1404383
1406158 1408511
1410235 1410680
1411828 1412397
1412934 1414034
1416088 1416334
1417904 1418267
1418929 1419121
1423187 1424206
1425770 1427350
1428044 1428117
1432063 1432467
1433324 1433724
1436302 1436766
1438040 1438422
1439345 1439727
1441284 1441448
1448370 1448743
1451621 1451871
1453505 1454117
1454837 1454981
1456364 1457607
1459232 1459474
1460016 1460095
1460680 1465220
1465691 1465877
1466891 1467309
1470396 1470697
1471592 1472639
1473659 1474140
1475753 1478051
1481232 1481674
1482610 1483452
1484744 1484861
1485392 1485923
1489612 1489847
1490403 1490848
1492066 1493821
1494803 1495298
1496097 1498582
1499183 1499590
1500324 1500480
1501108 1503696
1504503 1506420
1507050 1507656
1511167 1512508
1513240 1513434
1516663 1516871
1518485 1520503
1521021 1521413
1522035 1524085
1524867 1526761
1528286 1532954
1534761 1535081
1542065 1542324
1543390 1543793
1544407 1544472
1545215 1545939
1546479 1547022
1548185 1548533
1549042 1550114
1550900 1551533
1552578 1552920
1554309 1554783
1555591 1555662
1559369 1560310
1562417 1562631
1562861 1564441
1565639 1568637
1569212 1569569
1571120 1571243
1571958 1572620
1574322 1575197
1577490 1577783
1582530 1583766
1586194 1586258
1588544 1588839
1589393 1590016
1591185 1591875
1593319 1593911
1594790 1595171
1596366 1596439
1599498 1599967
1600809 1601051
1601681 1602969
1603697 1603988
1605042 1605258
1606920 1607364
1609360 1609620
1610225 1621147
1622019 1622165
1623671 1623978
1624387 1624443
1625531 1628177
1630626 1631254
1632918 1633580
1635055 1635135
1636143 1636332
1638897 1639963
1641625 1643084
1646374 1646741
1648163 1649044
1649808 1656681
1658855 1660452
1662500 1662950
1663718 1664343
1666002 1670339
1671861 1674417
1675435 1679261
1679894 1681688
1682347 1684012
1685283 1686451
1687395 1688332
1690650 1691705
1692309 1697123
1699661 1703666
1704795 1705080
1705990 1706176
1707365 1709988
1711067 1713542
1716029 1716375
1717772 1718007
1719941 1720027
1722509 1723768
1725930 1726462
1727000 1727434
1728026 1729139
1729834 1731332
1733752 1735265
1736242 1743685
1744793 1745021
1746305 1746358
1746895 1747190
1748034 1748514
1749107 1749913
1753183 1753695
1754078 1757581
1757853 1758091
1761851 1762739
1764349 1766508
1768012 1768573
1769180 1769560
1771939 1772965
1776368 1777984
1780384 1781414
1782202 1783000
1785423 1786497
1788892 1789644
1791089 1791284
1792257 1792352
1792857 1793694
1795430 1805056
1805937 1806705
1807940 1808083
1808951 1809017
1809626 1809846
1812211 1813033
