NC_017452.1_Haemophilus_influenzae_R2846__complete_genome
5450 6457
26889 28292
33287 35157
92896 93041
163645 163918
174011 187453
213412 213535
239866 243462
244219 245285
251418 251560
259170 259324
278405 278709
302435 302939
304138 304486
319218 319311
324156 337351
341347 343093
343285 344455
362066 362531
372237 377479
405354 410744
420032 421042
511396 511591
512901 512993
526588 527076
530541 530971
540860 541320
568170 568300
568578 568688
569528 569597
571685 572478
664166 669706
677195 678171
694977 695068
731262 736526
760409 760815
770041 770444
824968 825558
830773 830900
833121 834071
841757 841887
842198 842414
851338 852898
853182 853669
878571 879272
938275 938992
946484 947930
948343 953968
955359 955799
984468 984682
1014602 1014817
1015516 1016824
1031815 1046385
1060694 1062720
1084772 1089090
1089694 1090498
1092039 1092757
1111264 1130711
1149419 1149741
1167551 1170624
1183796 1183999
1191182 1191287
1341673 1342398
1357988 1359922
1380343 1380447
1384880 1390813
1393884 1397116
1460686 1466401
1504879 1507386
1520823 1524214
1524883 1530864
1532226 1532504
1536033 1543711
1569370 1569580
1601753 1602134
1618384 1618548
1638379 1638529
1646747 1648000
1649197 1649579
1658845 1659017
1675082 1680181
1690047 1690106
1691178 1693922
1694054 1700153
1714019 1714095
1726751 1741103
1745262 1745358
1746118 1751173
1751423 1754525
1782874 1782993
1793745 1801152
1810559 1812740
