NC_017452.1_Haemophilus_influenzae_R2846__complete_genome
6601 10342
26885 28292
28597 31583
33287 35157
37139 40405
40916 42491
43116 46596
91429 95916
103826 105124
106546 107286
108862 109203
109725 110250
110779 121857
122367 144084
144599 145174
155983 163096
163635 184759
185512 186612
186982 187261
213404 213526
217183 217274
220510 221844
239863 245282
248348 250907
278427 278708
319322 337273
343285 344458
358652 358735
362036 363377
372167 373679
373807 373987
374774 374881
375504 375621
377381 377472
386686 386772
405431 429937
437619 437681
458903 459082
467776 467828
496741 510771
511307 521311
523078 532814
533885 546255
555555 555737
568173 568461
573472 590596
591301 593365
594004 596690
600705 605371
607170 609896
610507 628008
651631 651774
657415 661970
662506 663930
664165 669801
669949 670022
674141 676808
677195 689040
695028 695188
706545 721639
729199 738396
754586 769892
769980 770470
771138 771854
774614 774911
788941 810285
810501 832766
833121 834071
834735 834948
841539 841831
842352 842416
842843 848193
849155 849760
850579 866507
866618 879573
880110 893855
912195 921355
928835 932902
933872 939621
940021 940111
940679 944576
945197 950692
951678 953125
953716 954521
955131 956162
965823 965898
982520 983590
984425 984865
984962 996097
1000703 1000760
1009287 1014876
1015434 1019048
1030799 1031470
1031807 1045163
1045999 1046406
1061979 1089818
1089951 1090857
1091371 1091815
1092068 1113851
1122004 1133101
1149549 1159936
1167551 1170604
1180718 1180896
1183782 1184055
1191186 1213617
1214153 1214401
1225264 1225648
1228350 1238478
1248465 1248628
1317297 1326507
1340814 1343092
1343691 1349359
1357037 1359922
1380343 1380447
1384781 1397802
1435719 1444331
1444928 1463984
1464248 1464935
1465742 1501359
1504879 1505943
1507212 1507360
1520823 1523270
1523899 1526948
1527883 1554119
1563626 1563675
1564872 1580868
1581574 1583142
1618384 1626403
1632720 1632908
1633887 1638629
1645234 1680103
1694054 1709735
1710252 1712020
1714001 1714095
1716125 1722522
1726751 1740434
1745262 1754525
1759053 1770360
1782429 1812883
1816545 1819370
