NC_017452.1_Haemophilus_influenzae_R2846__complete_genome
26889 28292
31633 31684
33287 35157
163645 163918
186982 187453
196243 196484
239866 245285
251418 251560
259170 259324
279264 279544
324156 337351
341710 341864
342445 343618
372090 373449
374114 377479
405335 410806
420035 421042
511396 511591
512901 512993
522848 522950
530541 530971
540860 541320
568170 568300
568578 568688
569528 569597
572184 572478
664061 669802
677195 677683
694977 695068
731294 737398
738151 738326
760409 760815
770041 770444
824968 825558
830773 830900
833121 833231
841757 842414
852332 854742
855284 856580
878767 879272
938275 938992
946484 947827
948930 949534
951516 951935
952843 953968
955359 955799
982538 983590
984468 985890
986483 986860
1014602 1014817
1016736 1016824
1031815 1035295
1036084 1036569
1039780 1040381
1042011 1042105
1044121 1044954
1060694 1062720
1084772 1085745
1086290 1089090
1089694 1090498
1111264 1112430
1113044 1113897
1120791 1120899
1122159 1126157
1128704 1130609
1149419 1149741
1167551 1170624
1183797 1191287
1248465 1248628
1306410 1306533
1341835 1343065
1354825 1355059
1357138 1360029
1366136 1366483
1384872 1386342
1393883 1401011
1460686 1463032
1463363 1463774
1465102 1466395
1478039 1478143
1504879 1507386
1528849 1529637
1531376 1532504
1536033 1543711
1569370 1569580
1601753 1602134
1618386 1618563
1622980 1623036
1638379 1638529
1649197 1649579
1658845 1659017
1674472 1680201
1691178 1700150
1700295 1704163
1704697 1714095
1716030 1716504
1727135 1741103
1750718 1751521
1752658 1752841
1782429 1783244
1793745 1801073
1809688 1812740
