NZ_CP007471.1_Haemophilus_influenzae_strain_C486__complete_genome
107930 108121
109483 110814
202765 203545
218618 218768
255161 256769
258283 260490
271389 271484
281121 284228
300088 300505
320800 320869
337533 337655
376557 382272
393629 393859
566785 567059
577157 577918
590033 590656
599411 599464
681483 681763
722416 722696
731717 733790
762715 767409
795592 799060
849885 850982
918716 920095
920776 923770
937960 939041
952859 956047
965284 969003
971979 972770
1064690 1069921
1135154 1139423
1140735 1140844
1170263 1170370
1224240 1224735
1265938 1266995
1345355 1345646
1513587 1522331
1559609 1562682
1575845 1576001
1583175 1583276
1618993 1619097
1681556 1685353
1685900 1694296
1695049 1695435
1696168 1718553
1759303 1763681
1774829 1776053
1789340 1794503
1813125 1813315
1817650 1819301
1827005 1830341
1833620 1833726
