NZ_CP007471.1_Haemophilus_influenzae_strain_C486__complete_genome
21948 30560
31157 50192
50456 51143
51950 52548
87374 87535
91055 92104
93373 93521
114298 124830
135587 146198
146837 151583
152289 153857
189086 198674
203459 203563
206494 206638
212947 213135
214129 218871
225477 229829
238910 260347
271380 271700
298108 298300
300213 306643
316971 323826
328644 330523
334101 337529
342058 342774
350003 352582
353101 353363
365421 366116
376600 378506
378653 378828
381198 381305
382092 382272
382400 383911
391985 397742
399155 402606
408431 413322
429866 431273
431578 443567
444078 445653
446278 449758
455194 493947
494593 495346
506974 508272
509694 510434
512010 512351
512873 513398
513927 515067
523733 525005
525515 532067
536955 547223
547738 548313
559122 566236
566775 567059
590407 590656
616698 616820
620476 620568
623805 625109
643107 648526
651508 654119
681495 681763
732484 734749
752451 753792
764222 768155
768241 776103
776978 777064
795721 800918
801046 820055
827738 827800
846231 852633
860136 860188
868883 872554
894042 899239
899325 907934
908470 929926
934531 943420
952666 952848
965908 966729
967258 968888
973767 984667
985222 990892
991597 1005811
1007610 1010336
1010950 1028451
1052034 1052149
1057812 1062367
1062903 1064432
1064558 1070017
1070165 1070238
1074357 1077592
1090429 1090496
1107840 1123005
1130564 1139632
1158472 1166939
1167192 1169056
1169189 1197919
1210778 1211185
1212021 1225372
1225709 1226221
1238131 1241744
1242302 1247890
1256417 1256474
1261084 1272753
1273588 1274658
1291301 1291376
1301033 1303490
1304282 1308341
1308962 1313887
1314128 1319388
1320358 1324409
1331886 1341045
1359368 1373113
1373650 1402134
1402953 1403558
1404520 1409870
1410297 1410361
1410882 1411174
1417773 1417986
1419315 1441605
1441822 1463260
1477287 1477586
1480328 1481044
1481713 1482204
1482295 1482409
1513132 1524753
1541063 1541273
1541512 1551993
1559589 1562662
1572766 1572950
1575830 1576003
1583175 1583276
1602563 1605609
1606145 1606397
1617262 1622005
1626868 1630537
1681556 1686307
1700824 1701013
1705467 1718553
1739152 1739273
1761079 1761374
1773732 1776080
1776679 1782301
1790030 1792688
1817791 1830510
