NZ_CP007471.1_Haemophilus_influenzae_strain_C486__complete_genome
46894 49240
49571 49982
64202 64306
91055 93547
109781 110481
140080 140294
172456 172837
189090 198674
203124 203562
218621 218771
229452 239261
258283 258938
271391 272001
274129 275131
275717 281038
298185 298300
300118 300625
309878 309986
316971 324495
334405 334518
365421 366116
376600 383909
392491 395494
429870 431273
434565 434652
498625 498839
566785 567059
589724 589779
599443 599496
643110 648529
654626 654765
682348 682615
722416 722696
732970 734780
749020 749150
762505 763864
764527 767858
795624 800981
810207 811161
846233 852633
871845 872554
878515 878640
908559 908754
910065 910159
918586 920095
920776 924182
927653 928083
937971 938431
965280 969003
969829 969892
972479 972775
996981 997131
1064456 1070018
1132640 1138879
1140736 1140844
1168509 1169313
1169917 1172825
1173370 1174343
1212230 1213063
1215079 1215173
1216803 1217404
1220615 1221095
1221884 1225364
1240355 1240443
1242361 1242576
1272396 1274640
1301416 1301855
1303237 1304587
1305416 1305496
1305769 1307054
1396142 1397428
1397970 1400381
1410299 1410956
1426550 1427140
1481736 1482139
1513202 1522263
1559609 1562682
1575797 1575977
1583175 1583276
1681561 1681654
1684436 1685253
1687103 1687572
1691145 1695688
1696208 1696727
1697579 1699011
1699697 1718558
1720366 1720686
1723904 1724356
1750035 1750210
1759303 1761298
1774829 1789736
1790128 1792821
1798918 1799265
1813125 1813315
1817734 1819301
1826370 1830512
1833620 1833726
