NZ_CP009610.1_Haemophilus_influenzae_strain_Hi375__complete_genome
28462 28628
131807 131862
231008 231067
271711 273335
274925 275692
303512 305276
307029 309259
321038 322997
373910 374120
374445 377454
393028 393309
417662 421051
421612 423004
431712 434632
441417 441799
447619 448628
469117 469331
565544 565822
567844 567988
649496 652211
652401 654966
674598 680014
765083 765655
783572 783698
803263 803350
844316 849171
859057 860067
961265 966415
966560 967442
1107392 1107601
1108109 1112861
1164591 1164653
1167110 1167277
1174972 1183303
1298628 1299200
1408877 1411089
1435077 1435561
1554373 1554588
1587313 1594905
1645297 1645512
1652703 1652807
1846720 1850897
