NZ_CP009610.1_Haemophilus_influenzae_strain_Hi375__complete_genome
4098 8562
28462 28628
46132 73296
108720 108881
112499 114244
136352 156592
157789 175858
204410 205572
223616 223770
230086 235849
242455 269820
269967 270159
271902 272019
272642 272749
273535 273956
275472 275724
294252 303130
303216 308911
320226 320477
359202 364053
374123 377454
381987 389917
405383 406078
417312 417536
417663 421124
421253 421433
421560 423087
431143 431311
431716 439383
447620 452511
469047 473409
475125 475189
477172 486621
530960 532307
533031 535896
543806 551900
560566 567923
568032 588727
599537 607523
629661 630294
639098 639436
642088 690716
704965 705096
708872 708963
712200 713536
734335 737176
737678 745432
764761 765226
789739 796293
803250 821839
831082 835604
844392 860209
867817 868896
876641 876703
897997 898187
906865 906917
935828 941208
941294 966468
966560 969820
970098 986102
995399 995581
996729 997136
1010288 1010592
1011412 1012003
1042461 1047127
1094793 1094936
1100577 1113018
1113121 1113194
1117313 1120541
1133391 1134820
1139493 1140698
1152047 1167113
1174939 1183737
1199928 1218017
1219551 1219850
1233924 1255353
1255569 1278813
1285399 1291471
1294032 1296631
1298662 1311765
1312192 1312494
1317474 1322202
1322502 1347918
1350332 1362459
1380855 1382873
1391546 1391965
1399446 1411609
1412177 1439749
1440921 1447823
1449406 1449462
1467147 1468217
1469051 1481261
1485867 1485924
1494451 1502899
1514650 1515321
1515759 1556623
1557351 1557581
1557805 1566814
1585642 1597293
1613607 1624537
1642231 1642409
1645284 1645568
1652707 1652807
1672073 1675933
1686797 1687093
1689953 1691544
1737144 1737650
1778711 1788248
1802236 1810899
1818599 1821140
1841913 1850897
