NZ_CP009610.1_Haemophilus_influenzae_strain_Hi375__complete_genome
999 1534
2153 2288
3312 8661
9453 11169
11798 14169
14673 19913
21637 21889
22647 23215
23752 24853
26924 27168
28462 29204
29866 30058
31278 32159
34122 35141
38972 39045
42990 43394
44252 44652
47231 47696
48970 49352
50275 50657
52214 52378
53504 54736
56310 57337
59294 59672
62533 62784
64418 65030
65752 65896
67788 68506
70127 70369
74841 77369
78350 78650
79545 80593
81612 82093
83453 84454
85579 85670
89128 89570
90501 90790
92641 92758
93289 93820
94329 95079
97510 97745
98301 99446
102700 103195
103995 106480
107081 107488
108222 108479
109733 110390
110981 111595
113585 114063
116027 116263
119768 121108
121842 122034
125264 125472
127906 128780
129505 132675
133938 134801
141785 142044
143115 143518
144132 144197
145670 146078
148056 148404
148913 149985
150772 151408
152450 152792
154181 154655
155463 155534
159244 160184
162525 164105
165303 166529
167463 168299
168874 169231
170782 170905
173984 174859
177150 177443
182190 183424
185852 185916
188202 188497
189051 189673
190851 191530
192974 193566
195642 195714
198773 199242
200084 200326
200956 202244
202971 203262
207255 207699
209696 209957
210562 210903
211832 212617
214336 214788
215391 215940
217978 218124
219629 221955
222644 223330
224001 225295
226597 227225
228890 229552
231027 231095
232103 232292
234857 235769
237430 238890
242180 242546
244428 246022
246924 248051
248967 249229
250573 250911
253084 253545
256558 257008
257776 258401
260063 262874
263426 264398
268151 268477
269495 275944
277121 277969
279949 280199
280741 281146
282041 283066
283675 284070
284944 285286
286279 287478
288386 288753
291185 291280
291827 292185
292785 293110
293653 293804
294585 295007
297209 297488
298141 298265
300007 302966
303480 309325
309985 311650
312922 314093
315033 315971
318289 318554
319155 319333
319937 324744
327282 329604
330312 330499
331197 331691
332436 334121
335042 335226
336415 337707
338223 339026
341083 341266
341902 342568
345062 345407
346805 347381
347919 348353
348945 350069
350764 352262
354685 354784
358451 359614
362094 363354
365516 365973
367081 367309
368598 368651
369192 369487
371138 371638
373606 378321
381987 382679
387953 388511
389117 389495
391874 395291
396883 398274
400336 401366
402154 402952
405383 406457
408850 409602
411035 411634
412203 412298
412803 413637
415373 417046
417569 421053
421253 424458
425080 425848
427082 427225
428092 428158
428767 429105
431884 435717
436399 437354
438141 438775
440000 442190
442974 443822
444442 444683
445445 445723
447410 449162
450205 451409
452062 453500
454676 455106
456337 456651
457696 458000
459325 459644
463506 463561
464411 464990
465807 465933
466593 466916
467896 467963
468917 469331
469745 469909
471130 471721
475125 475189
475738 475844
476743 477504
478954 479551
480418 480925
483173 483755
485409 486145
486754 486869
487887 488058
489436 489940
490516 490751
494086 495880
497390 498258
504259 505089
505827 505885
506592 507109
508545 508775
509843 511201
511749 511890
513636 513799
517709 518123
518770 519021
521195 521781
522410 523972
526415 527417
531292 531969
534841 535896
536427 536546
538622 538846
540472 540807
541623 542412
543010 544587
545747 545828
546353 546703
547639 548874
550145 551631
552490 552852
553626 557539
558538 561060
562711 568245
570760 571284
575379 575596
579588 579798
581016 581606
582514 582652
583472 584453
585964 586305
590360 590921
593850 595211
595935 596783
598094 598432
599075 599785
604958 605955
606677 606876
607706 607859
612165 612718
614783 615366
616190 616443
618465 618746
619116 622128
629055 629489
630588 631248
632191 632743
633774 633866
634559 635802
636328 639008
639080 639944
640580 641007
641690 641903
642594 643330
643929 646252
646843 647341
648510 655392
655772 658834
659859 659950
660453 662544
663058 690884
691975 692110
692796 693105
694534 696484
697884 698007
700575 700962
703775 703867
704574 705814
706633 710136
712104 712405
712518 714179
715757 716507
717333 717584
718105 718183
718724 718986
719556 720342
722107 723388
724186 724770
725563 725825
728060 728158
731015 733129
736451 736524
737544 737705
739240 739561
741316 743097
743676 744779
749163 750006
752826 752993
757936 758412
761627 762032
763866 764070
764620 765908
767620 768215
769321 769764
771564 771645
773185 773674
779170 779730
781332 781433
783407 783553
784108 784371
789407 790537
791209 792277
792789 793066
793772 796297
796680 797432
797991 798960
802376 803163
803334 803459
804621 804901
805736 806710
807536 808101
809955 810423
813721 817389
818267 818544
819252 819732
822239 822485
824568 825235
825919 827264
828670 828756
837437 838067
842668 843160
843722 850085
850698 851657
857187 857372
859047 861521
864377 865557
867764 868438
870284 870368
874158 874403
876163 876251
877799 877868
882858 883111
883831 884003
885013 886103
887098 887710
888533 888803
891157 892422
894779 895666
900834 900893
901586 901704
905971 906975
907820 908100
908678 910372
913010 913333
915964 916418
918339 918589
920088 920305
922252 923135
923639 923729
927371 927960
929992 930162
935238 938265
938801 942190
944512 944899
948259 948511
949739 951449
951967 952131
952432 952991
954139 954607
955164 958958
959475 959527
960960 969392
971536 971626
974060 974461
975160 975391
981954 982336
994131 994989
995592 996044
996789 996872
997495 1001665
1010410 1011190
1012312 1012435
1014298 1014883
1018355 1018719
1020364 1020822
1022543 1023466
1024036 1024880
1027782 1028379
1032449 1032810
1033779 1036979
1041665 1041823
1045973 1046120
1048572 1050750
1052877 1054054
1056282 1057002
1058438 1058504
1060076 1060880
1062073 1062751
1063790 1064129
1067029 1069090
1069659 1071717
1074868 1075500
1076125 1076887
1077809 1079394
1080987 1081403
1082896 1082984
1090083 1090410
1091528 1091880
1094489 1094905
1098066 1098460
1099267 1099443
1100822 1101313
1105727 1105845
1107220 1113172
1115843 1116093
1117602 1117856
1118374 1118430
1122669 1123505
1128403 1128556
1130304 1130708
1133409 1133726
1136759 1137342
1138912 1139073
1142813 1143275
1144860 1145040
1147753 1148149
1154309 1154867
1155664 1158268
1159248 1159757
1164517 1165023
1167209 1167319
1169012 1169246
1169936 1170478
1176222 1185417
1186774 1187353
1188317 1188822
1191504 1192011
1193850 1194168
1195896 1196058
1197370 1197776
1198293 1198663
1203893 1204662
1205401 1205587
1208101 1208333
1210086 1210201
1211055 1211655
1212781 1214277
1215321 1216255
1229662 1230438
1231387 1232169
1232718 1234212
1238466 1238728
1243042 1243346
1245262 1245447
1247948 1248894
1256745 1256805
1259286 1259623
1261719 1261843
1263231 1263332
1265533 1266431
1269942 1270119
1271084 1271542
1274305 1275089
1276750 1276847
1277229 1277364
1279778 1280939
1282168 1282493
1288694 1290428
1295805 1296311
1303491 1303689
1304567 1307513
1312302 1312545
1313996 1314094
1315083 1316041
1318226 1318418
1318924 1319169
1320703 1322194
1322343 1324427
1325946 1326075
1328137 1328260
1330924 1331075
1332042 1332405
1334664 1335871
1336525 1337069
1337827 1338426
1338995 1339444
1342689 1343482
1344739 1345411
1347859 1350220
1356049 1356751
1362259 1362326
1363763 1364240
1366275 1366485
1368187 1370624
1373314 1373745
1375973 1377602
1379460 1379542
1397072 1397864
1399113 1400328
1400899 1402675
1403924 1407023
1407694 1411226
1411877 1412285
1412877 1413695
1423298 1423517
1428697 1428841
1429456 1430547
1431043 1431214
1432328 1432611
1435351 1435613
1437469 1437829
1440495 1440943
1441571 1441714
1448769 1449431
1454033 1454452
1455643 1455989
1458398 1458934
1462502 1464934
1467165 1468505
1469667 1471002
1471674 1472474
1472604 1473272
1473590 1473992
1479645 1480214
1484244 1485087
1489233 1489881
1492677 1492831
1497405 1497622
1501976 1502450
1508227 1508341
1510738 1511354
1513513 1513927
1515547 1515689
1521272 1521887
1523353 1524018
1525709 1525894
1527584 1528021
1529688 1529862
1530642 1532237
1535930 1536170
1539519 1541056
1543021 1543343
1544981 1545124
1550601 1551304
1552192 1552841
1553866 1554027
1566860 1567095
1570015 1570087
1570665 1570973
1573067 1573308
1576866 1576926
1578946 1579432
1580868 1581499
1583257 1583402
1584039 1584177
1584429 1584813
1585796 1594803
1597370 1598452
1601551 1602665
1605776 1606103
1614359 1614773
1615472 1616692
1617529 1617654
1621685 1621973
1626069 1626633
1628526 1629453
1634879 1635547
1636578 1636906
1637779 1638024
1639045 1639323
1643265 1643530
1644646 1648192
1650956 1651647
1652707 1654884
1656394 1656869
1659101 1659505
1660084 1662300
1663862 1664034
1665351 1665563
1666375 1666827
1670671 1671154
1672331 1672415
1673460 1673906
1674698 1675153
1678573 1679826
1680373 1687639
1689666 1689777
1690545 1690675
1691642 1692029
1694843 1696607
1699931 1701298
1704199 1704314
1709358 1710053
1712485 1713103
1716017 1717148
1718193 1718690
1719496 1719887
1720573 1720723
1722280 1722552
1723278 1723360
1726011 1726289
1728726 1728838
1729363 1729632
1730290 1730731
1732620 1733523
1740782 1741943
1744249 1744559
1745097 1745338
1750456 1751197
1756120 1756380
1757733 1758029
1758635 1759089
1760785 1761032
1762257 1762414
1763093 1764634
1765857 1766522
1767547 1767947
1770389 1770645
1773690 1773835
1774422 1775031
1778708 1778763
1779940 1780229
1784160 1784411
1785557 1786085
1793736 1794812
1797727 1797967
1798600 1799327
1799960 1801798
1803027 1808186
1810302 1810478
1811321 1811669
1813575 1813828
1815583 1816988
1817645 1817719
1818601 1822105
1824088 1824692
1827373 1827720
1828071 1828410
1829478 1830302
1831840 1835175
1836290 1836523
1837250 1838283
1839094 1839619
1840149 1840751
1841884 1842153
1843489 1843671
1844667 1844767
1846271 1849969
