NZ_CP007472.1_Haemophilus_influenzae_strain_723__complete_genome
1 2228
4371 7597
44017 45120
60802 61017
85570 91697
96111 97153
122792 125012
125844 127816
128351 136001
136558 142807
176785 183431
233829 233960
236862 237268
237552 239067
248006 250978
251917 254165
254844 261271
261858 264422
265641 272769
283206 283465
288356 300813
342646 342888
358129 358554
374942 378964
433880 434057
441189 441289
476923 477027
556378 556501
567266 567475
591749 592589
606520 606951
607501 607597
608224 611569
634577 636173
640562 640741
643756 643952
644112 667667
709680 713832
752301 755506
769888 770079
771441 772732
786613 786756
850569 851290
852093 855760
859813 860174
870458 883193
883946 884332
885065 907455
920756 920825
922030 931282
947201 950197
950878 952518
980774 984323
985958 986106
996001 997383
1006906 1010013
1023910 1024459
1028150 1034120
1036014 1036431
1052733 1066849
1067553 1068200
1080333 1081650
1087334 1088079
1093968 1097211
1106446 1109766
1111372 1112372
1146339 1147147
1186812 1186976
1212665 1213119
1246118 1246258
1303487 1304110
1362678 1362817
1376987 1381953
1394509 1394789
1443299 1445041
1464128 1464368
1474599 1476286
1477799 1479778
1489129 1490326
1566303 1566559
1580859 1581615
1591487 1596634
1596910 1597792
1603080 1603479
1603759 1604119
1611081 1612125
1625942 1631393
1642003 1642069
1679373 1680797
1737894 1743012
1765238 1765337
1769933 1771138
1797497 1797664
1805397 1810746
1810910 1814053
1815344 1815454
1843501 1848630
1849281 1850941
1851786 1852948
1853457 1854044
1854730 1860529
1861036 1872094
1872623 1882962
1883742 1883924
1884590 1887620
