NZ_CP007472.1_Haemophilus_influenzae_strain_723__complete_genome
5506 6461
129899 130766
233829 233960
253345 254161
260568 264354
283206 283465
300144 300813
376389 383454
433880 434013
441185 441289
484798 485281
634669 647712
660935 667667
709680 711503
870458 871970
873333 875097
880658 882632
892660 892784
894364 894506
895546 896531
900541 901113
901284 901490
947366 950198
950930 952467
980308 984375
995945 999913
1047276 1047385
1048138 1056506
1066750 1066849
1067553 1068202
1087334 1088079
1106236 1108133
1111217 1111721
1122180 1123187
1135735 1136357
1136771 1138449
1186812 1186976
1210023 1210167
1330108 1330231
1377004 1381970
1394499 1394790
1434399 1434492
1443346 1445035
1460666 1460796
1464390 1464833
1474536 1479876
1489129 1490326
1566303 1566559
1591424 1596764
1596910 1597792
1640645 1640775
1641064 1641177
1737763 1743303
1797725 1797892
1805363 1813997
1822357 1824990
1849281 1849676
1855862 1856085
1860957 1861302
1886427 1887243
