NZ_CP007472.1_Haemophilus_influenzae_strain_723__complete_genome
1 1899
2447 45977
57887 60185
60743 61913
62691 66331
74858 74915
79529 91739
92573 93643
111328 111384
112967 119869
121041 121626
122236 131170
131597 135934
136247 136368
137201 139207
139852 144094
144715 149644
149885 155145
156115 160174
176784 178802
197176 210921
211458 211792
233828 237268
237568 239826
240645 241250
242207 242296
247275 247577
248004 261073
263104 264363
266925 272988
279578 288443
302874 324327
338437 338736
341477 342193
343098 343184
343301 358356
374537 385843
402156 402366
402605 413083
430792 430980
433867 434057
441189 441289
460555 463631
464167 464406
475275 479935
484504 488456
498439 498602
567266 567475
590850 599512
607210 609751
634577 647711
650813 652030
660935 667667
685171 685917
709667 713180
748619 748780
752396 754144
776217 795677
796243 796457
797654 808064
808703 813449
814155 815723
863470 863624
869940 870128
870454 875204
889721 889910
894364 907451
907932 908134
912203 912637
919243 952389
971047 971133
972008 979925
980011 985962
996123 997784
1036148 1040999
1047276 1056506
1060428 1061144
1066635 1070765
1079677 1080372
1087331 1090307
1091720 1093465
1093968 1098241
1106314 1111764
1122181 1135738
1136131 1138449
1146335 1146858
1147452 1150473
1152167 1152224
1154238 1157495
1158006 1159581
1161269 1163688
1186812 1186976
1208571 1213119
1221029 1222327
1223749 1224489
1226065 1226406
1226928 1227453
1227982 1229123
1237789 1239061
1239571 1261437
1261952 1262527
1273337 1280450
1280989 1281323
1291419 1301418
1302171 1303272
1303861 1304110
1330100 1330222
1333877 1338584
1359557 1362176
1362678 1381953
1394521 1394789
1443302 1445862
1446221 1447208
1447332 1451422
1464104 1465678
1474467 1475978
1476106 1476286
1476411 1479875
1480003 1490358
1497990 1499069
1506814 1506876
1528163 1528353
1537031 1537083
1565993 1571540
1571626 1580233
1580797 1591227
1592994 1593176
1593960 1594067
1594690 1594809
1596552 1596744
1596910 1600170
1600448 1602290
1603393 1616452
1625749 1625931
1627079 1627312
1640648 1640936
1642003 1642594
1645678 1656574
1657129 1662799
1663504 1665568
1666207 1677574
1725231 1725374
1731015 1735570
1736106 1743414
1743562 1743635
1747754 1765260
1769933 1771138
1782498 1797500
1805329 1814241
1822403 1864457
1864642 1887620
