NZ_CP007472.1_Haemophilus_influenzae_strain_723__complete_genome
1 981
91317 93625
95981 97092
129580 129747
130486 131170
131912 132056
236860 237322
237568 239067
263423 264354
283206 283465
300144 300813
374607 381412
433881 441289
498439 498602
556378 556501
591749 592589
607308 609876
615984 616331
634973 636231
643462 667667
709680 711503
725466 725570
771786 772399
870458 870551
873333 874150
876000 876469
880042 884585
885105 885624
886476 887908
888594 907455
946740 950197
950878 952486
980308 986059
996001 996831
997133 1000916
1001502 1006823
1023910 1024307
1036053 1036560
1052733 1053515
1054652 1056506
1066635 1066849
1079677 1081650
1087334 1088079
1094809 1097726
1106316 1107595
1108259 1111721
1135735 1138449
1152167 1152224
1186812 1186976
1377004 1381970
1394522 1394789
1419737 1443118
1443299 1445014
1445238 1446427
1460666 1460796
1464117 1464357
1475876 1479876
1489119 1490326
1591356 1593174
1596886 1597792
1627079 1627486
1640645 1640775
1641064 1641177
1679373 1680797
1737659 1743422
1805465 1814053
1815346 1815454
1822357 1823210
1823824 1824990
1843484 1846469
1849281 1857324
1860139 1860265
1862762 1864517
1866210 1887620
