NZ_CP008740.1_Haemophilus_influenzae_2019__complete_genome
48945 50369
52169 58287
82471 121902
125250 126041
146634 147324
152806 154339
154556 154987
162490 162678
170161 171833
193264 198565
241436 245156
285574 287550
288067 291015
318105 318197
318829 324623
334591 334831
338152 338236
353519 356062
364394 364674
405526 405805
479508 516933
517056 526857
551325 552086
597069 597209
656350 656514
665293 665402
674303 674441
698334 699399
707606 707934
735053 738815
747236 752324
752883 768531
768752 768836
779720 784029
789692 796299
797514 806145
809825 811070
813406 814646
822014 834091
847932 849706
861301 861691
863909 864881
868777 872625
882003 883250
901996 902065
930154 935371
999453 1008648
1022539 1023846
1048663 1051864
1055450 1056695
1094303 1094434
1121469 1121610
1158847 1162986
1165721 1165966
1170297 1172076
1195080 1200129
1213859 1214779
1226064 1228003
1241345 1241558
1263088 1263138
1264461 1305109
1353504 1354268
1408800 1409053
1440167 1440339
1461787 1466881
1496887 1501007
1538359 1539733
1551667 1551823
1580147 1580443
1618735 1626859
1628882 1631866
1658301 1659015
1672223 1673470
1675575 1675637
1689113 1689501
1695186 1700822
1701524 1702096
1702274 1702728
1729717 1731666
1740496 1782535
1790769 1791721
1794157 1794416
1863564 1863976
1885977 1894484
1904773 1904833
1947582 1948558
1955643 1961768
