NZ_CP008740.1_Haemophilus_influenzae_2019__complete_genome
1 69
876 1270
4431 4843
7452 7804
8922 9249
16810 18345
19937 20831
21419 21485
22407 23169
23794 24426
27577 29635
30204 34010
35165 35504
36543 37221
40789 40855
42291 43011
45240 46418
48545 50724
52170 61695
63766 64449
66152 66966
70223 71283
72367 72964
75866 76219
79923 80381
82026 82390
82471 83238
90648 90871
94099 94488
102673 103102
104359 104687
110311 110736
114908 115138
116065 116897
117397 121902
123772 124258
124459 126041
127697 127820
128129 128198
128420 129314
129426 129556
138169 141676
144688 148890
152806 153832
156687 157302
160332 160563
161262 161662
162235 162668
163530 163620
165764 167544
167708 171845
172470 174156
175588 175640
176157 176721
177357 177858
180524 180995
182140 182699
183002 183164
183682 184830
186062 186314
189674 190059
193264 195678
196916 199465
204541 204711
206743 207332
211568 212453
214277 214402
214522 214739
216238 216488
218409 218863
220362 221524
226691 226750
227443 227561
231829 232833
233678 233958
234536 236230
238868 239191
240278 246397
248754 250019
252374 252644
253467 254079
255062 256151
257161 257333
258052 258306
260122 260857
263243 263312
264860 264948
266708 266954
270744 270828
272673 273344
275552 276732
278729 279319
283621 284581
285193 293259
295237 295487
296029 296434
297329 298354
298963 299358
300232 300574
301567 302766
303673 304041
306473 306568
307118 307476
308080 308405
308947 309099
309881 311664
312500 313556
314590 318287
318797 325151
325713 326205
330806 331436
334778 337293
339997 341266
342031 343375
344059 344726
346809 347055
349562 350042
350750 351027
351905 356062
358872 359340
361194 361759
362585 363615
364404 364674
365811 366757
369350 371160
371719 375427
378661 381356
385681 385944
386499 386645
388049 388236
388619 388720
390319 391472
396379 397453
398408 398489
400290 400733
401838 402433
404145 405711
406261 406465
407208 410966
411920 412396
417338 417505
418034 421168
424899 426808
427384 429166
430920 431241
432661 432937
433962 434035
437309 437424
439423 440918
442280 442378
444612 444874
445667 446251
447049 448329
450094 450881
451451 451713
452254 452332
452853 453104
453930 454680
456258 458297
459240 459475
464592 465705
466411 466503
469317 469704
472272 472395
473795 475745
477168 477477
478163 478298
479389 480126
482794 482848
483230 483382
484438 484554
487999 488685
491421 491705
497477 497536
498271 498905
499187 499485
500475 501034
501720 501946
503460 504344
506999 512796
513104 516933
517056 520729
522114 525480
525664 526400
527091 527304
527987 528414
529050 532588
533114 534357
535050 535142
536177 536729
537673 539869
546516 550470
553254 553507
554331 554914
556979 557532
561847 562000
562681 562880
563602 564599
569772 570483
571126 571464
572775 573623
574347 575708
578637 579198
583253 583594
585099 586083
586903 587041
587949 588523
589739 589956
590676 591204
593943 594160
598255 598779
602593 603405
605056 607577
608576 609685
614482 615967
617238 618473
619409 619759
620284 620365
621525 623102
623700 624489
625305 625640
627266 627488
629565 629684
630440 631254
634268 635623
638824 639827
640648 645047
647221 648572
650186 651198
652441 652604
654350 654491
655039 656514
657504 657734
659170 659687
660394 660452
661189 662019
665302 665412
668132 669000
670510 672280
674298 674441
675746 675981
676557 677061
678439 678610
679628 679743
680353 681089
682743 683325
685573 686080
686947 687547
688997 689758
690658 690764
695016 698667
699082 701878
702529 702656
703472 704051
704901 704956
707290 708537
710071 710389
711714 712018
713063 713377
714608 715038
716212 717651
718304 719511
720551 721633
722220 722302
723992 724267
725029 725270
725890 726236
727522 727907
731807 732441
733228 734183
734864 738692
738858 740670
741281 741619
742228 742294
743161 743304
744538 745306
746182 754140
755876 756710
757212 761513
763086 763396
765057 765116
765626 767393
767997 768978
770081 770879
771667 772697
775622 782496
783534 784548
789538 789917
793399 796299
797435 798194
800760 802270
802863 803349
804192 804487
805027 805082
805947 806791
807901 808364
809825 811076
811450 812710
813406 815815
816758 817695
820013 820278
820918 825071
828279 828949
829804 830171
830988 832685
833430 834091
834836 835121
836031 836215
837404 838694
839215 840016
842056 842241
842889 843555
846048 846393
847790 849708
850142 850576
851168 852293
852988 854486
856909 857008
861332 861807
863915 865163
866435 868100
868757 874737
875755 876081
879833 880805
881357 885416
887075 887700
888468 888918
890964 891151
892088 892563
894735 895073
896417 896679
897595 898722
899624 901605
903487 903853
907143 908603
910263 911191
913756 913945
914953 915021
915966 917149
918814 919442
920744 922038
922709 926414
927168 928096
928968 930683
931286 931746
933465 934250
935179 935521
936126 936387
938384 938828
940490 941784
942838 943129
943856 945144
945774 946016
946858 947327
950386 950458
951654 952035
952914 953506
954949 955637
956806 957428
957978 958277
960563 960627
963054 964289
969036 969329
971620 972495
975574 975697
977248 977605
978180 979015
979976 981202
982400 983979
986320 987260
990970 991041
991849 992323
993712 994054
995096 995732
996519 997591
998100 998448
999453 1008440
1008784 1009193
1009733 1011280
1011894 1012297
1013363 1013622
1020605 1020925
1022732 1027373
1028898 1030787
1031569 1033619
1034241 1034549
1035151 1037176
1038789 1038997
1042226 1042418
1043155 1044491
1048002 1048238
1050202 1050680
1052671 1053285
1053876 1055259
1055450 1056527
1057134 1057290
1058024 1058431
1059032 1061519
1062319 1062818
1063800 1065439
1066072 1067217
1067773 1068008
1071699 1072230
1072761 1072878
1074729 1075013
1075949 1076391
1079868 1079972
1081097 1081869
1083476 1083958
1084977 1086024
1086919 1087219
1090306 1090724
1092195 1094731
1095051 1096737
1097322 1097401
1097944 1098694
1099811 1101055
1102435 1102582
1103304 1103919
1104704 1107693
1108667 1109040
1114962 1116140
1116652 1121115
1121469 1123488
1124346 1124750
1128696 1128769
1131038 1132931
1137685 1137877
1138539 1138902
1140473 1140718
1142771 1143871
1144408 1144976
1145734 1145986
1147710 1150058
1151836 1152524
1153090 1153693
1154689 1155254
1158018 1158084
1158745 1163189
1164798 1164933
1165552 1166333
1168259 1172615
1173566 1173666
1174662 1174844
1176180 1176437
1177291 1177893
1178422 1178947
1179756 1180786
1181516 1181749
1187736 1188560
1189628 1189967
1190318 1190665
1193346 1193950
1195933 1199444
1200319 1200393
1201437 1202455
1204210 1204460
1206367 1206715
1207558 1207734
1209850 1212850
1213859 1214887
1216093 1217161
1218564 1219289
1219925 1220165
1223079 1224156
1225756 1228070
1232870 1232921
1234125 1234653
1235799 1236050
1240037 1240326
1241502 1241559
1245235 1245844
1246431 1246576
1249619 1249874
1252384 1252714
1253425 1254404
1255627 1257168
1257847 1258004
1259229 1259476
1261172 1261626
1262232 1305109
1308357 1308602
1309136 1309446
1311752 1312913
1320052 1320955
1321826 1322367
1323026 1323285
1323943 1324215
1324737 1324849
1327286 1327564
1330213 1330295
1331021 1331293
1332850 1333000
1333685 1334076
1334882 1335379
1336424 1337554
1340469 1342614
1343172 1344229
1349231 1349430
1350046 1351426
1352249 1355200
1355779 1359474
1362288 1362675
1363642 1363772
1364540 1364651
1365681 1366154
1366672 1375734
1379154 1379609
1380401 1381978
1382507 1383639
1386159 1388975
1390292 1390464
1392023 1394241
1394820 1395224
1397448 1397923
1399434 1400883
1402709 1403400
1406164 1409704
1410830 1411097
1412093 1413059
1415063 1415341
1416362 1416607
1417480 1417808
1418839 1421359
1423373 1425859
1427749 1428313
1430092 1431208
1431766 1432698
1436724 1440310
1448564 1448891
1452002 1453116
1456215 1457304
1461016 1466881
1467880 1468459
1469356 1470036
1470670 1470815
1474193 1475135
1477153 1477213
1480771 1481012
1483106 1483414
1483999 1484071
1486991 1487226
1495123 1496383
1496887 1501254
1501867 1502914
1503801 1504504
1505341 1506095
1509981 1512087
1514052 1515588
1518938 1519177
1522871 1524466
1525246 1525372
1527107 1527544
1529234 1529421
1531112 1531777
1533243 1533858
1538841 1539706
1540364 1540908
1541666 1542265
1542834 1543283
1546527 1547320
1548578 1549250
1551648 1551823
1557390 1564082
1566209 1566276
1567714 1568191
1570226 1570436
1572138 1574575
1577269 1578176
1578702 1579783
1580147 1580208
1583374 1583456
1599003 1599795
1601044 1601603
1605856 1606260
1611844 1612009
1612661 1613067
1613678 1614472
1618802 1621273
1621993 1622212
1623285 1624611
1626138 1626516
1627543 1628750
1630102 1630869
1631212 1631533
1631715 1632650
1635165 1635613
1636241 1636385
1643439 1647002
1648693 1649110
1650301 1650647
1653058 1653594
1657165 1657533
1658043 1659270
1661501 1662842
1663431 1664809
1665481 1666259
1666380 1668219
1668778 1669005
1670317 1673472
1674677 1675246
1675575 1675637
1676252 1677200
1677731 1679080
1679812 1679885
1682866 1683709
1685563 1689501
1691267 1691426
1695186 1702728
1703270 1703744
1709520 1712647
1713624 1715220
1719438 1719801
1720768 1720919
1723583 1723705
1726033 1734051
1736888 1737177
1738168 1738266
1739713 1739959
1740496 1742725
1743179 1758937
1763042 1766150
1768435 1768494
1769632 1771358
1774006 1783083
1786205 1786530
1787757 1788920
1791193 1791242
1791606 1791721
1791987 1792121
1792504 1792603
1794157 1795025
1797784 1798243
1799199 1799376
1802887 1803785
1805986 1806087
1807475 1807601
1809695 1810032
1812513 1812573
1820425 1821374
1823870 1824055
1825970 1826274
1830577 1830839
1833728 1836557
1837106 1837888
1838837 1839613
1853020 1854275
1855168 1856664
1857789 1858389
1859243 1859358
1861111 1861343
1863564 1864329
1865068 1865836
1870636 1871006
1871523 1871929
1873241 1873403
1875131 1875449
1877287 1877794
1880476 1882523
1883877 1884474
1885627 1885774
1885929 1896464
1897319 1897609
1899011 1899555
1900244 1900478
1904299 1904862
1909622 1910131
1911105 1913709
1914506 1915063
1918865 1919970
1920469 1921619
1924333 1924513
1926098 1926512
1929143 1930272
1930871 1931457
1933257 1933317
1934390 1934707
1937407 1937812
1939561 1939714
1944618 1945451
1947582 1949907
1951061 1951322
1952831 1953081
1955643 1961775
1963150 1963268
1967682 1968173
1969552 1969659
