NC_022356.1_Haemophilus_influenzae_KR494__complete_genome
1 65
1128 1443
2149 2607
5842 9496
10055 11851
14453 14630
16582 16774
17564 18595
19421 19960
20936 22303
23140 29395
30274 30551
31259 34562
35844 36598
37818 41245
42756 48405
51328 52689
53413 54261
55571 57969
58369 58615
60698 61365
62049 63392
64799 64885
67215 67345
68204 71278
72827 73691
74954 75782
78113 79712
82146 82354
85587 87854
91360 93370
94272 96133
97003 97631
99207 99956
100782 101033
101554 102435
103005 103792
104454 106836
107136 107319
107818 108402
109195 110168
111691 111789
113151 114646
116643 116760
118140 120756
122821 128467
129180 129531
130211 140559
141333 142012
142285 144504
145320 145655
147281 147503
149581 149700
150456 150670
153948 154765
155667 159656
161829 166115
166883 167508
169167 173501
178590 184534
185250 186915
187185 187508
190798 192257
192879 193256
193839 195064
195963 196069
200312 206520
207172 207298
208115 208694
209544 209599
213460 213779
215104 215408
216453 220828
221068 224077
225650 227233
228678 228873
229845 229940
230445 231279
233015 234682
234948 242105
242727 243496
244730 245048
245754 245818
246427 246647
248236 249597
250631 258306
258819 261009
261794 263520
264282 264560
266247 267539
270302 271100
271888 272918
275838 282713
283330 286570
292111 293376
293730 293853
294458 295537
296377 298624
299810 300023
300159 300757
302723 303223
304874 305169
305710 305763
306630 307474
308580 309577
310502 318989
319495 320231
320616 320866
321884 322058
323436 330005
331516 332628
336142 337290
338389 339219
339957 340015
340722 341239
342675 342905
343973 345332
345879 346021
347767 347931
349174 350184
351798 353149
355320 359722
360540 368947
369935 371110
372053 372990
375306 375573
376162 376302
376909 378674
379233 381703
384241 388234
388942 389129
389827 390321
391066 392757
393667 395265
395974 396417
396938 397733
398812 401287
403317 404623
406008 406686
407224 407658
408250 411434
412129 413628
416049 417562
419812 420756
423238 428729
429486 432856
434521 435148
437596 437743
437974 438868
439391 444086
444790 445314
447202 448364
449411 449628
451384 455380
456901 457047
457919 459637
460240 460692
462411 463196
464125 464467
465072 465333
467330 467774
469436 469652
470706 470997
471724 473012
473642 473884
474726 475195
478256 478329
479515 479896
480785 481377
482821 483502
484677 485299
485842 488489
489893 493664
494287 502085
503462 509072
510267 513244
515350 517951
519148 519244
519485 520882
521483 523968
524768 525263
528527 529674
530228 530463
531612 532151
533714 535328
537182 537471
538402 538844
539377 540045
542321 542980
543550 544551
545911 546393
547021 548845
549354 549658
550637 553165
554380 557150
558774 560021
561404 561548
562270 562885
563670 568006
569955 570982
572556 580068
580421 580628
582041 582441
583298 583702
587647 587720
591555 593033
594533 594973
596638 596830
597492 597855
599427 599671
601715 605223
605760 606329
607477 607923
609647 614462
615392 617178
617664 617763
618392 620108
621461 625186
626210 626345
626964 633628
634579 634679
635684 635866
637202 637614
638915 639517
640047 640572
641383 646971
647701 647940
649049 652382
653920 656150
656501 657264
659528 660132
662108 665151
667310 667384
668041 669446
671201 671451
673357 685061
686004 705631
706194 715504
716008 716966
717187 719738
720381 720709
720933 721933
722588 729062
729500 730568
731294 732696
733332 733571
736486 737563
739466 743357
745230 745758
746904 751430
752233 752630
756306 756915
757502 757648
760689 760944
763386 763786
764811 765476
766699 768240
768919 769076
770301 770548
772244 772698
773304 773600
774953 775213
778256 778895
779468 780644
781259 782264
784122 784863
789980 790221
790759 791069
793375 794536
800315 800374
801067 801191
802268 802774
803548 808289
808865 810559
813195 813520
816152 816606
818542 818792
820290 821462
822525 824004
827647 828236
830268 830438
835514 840745
841431 842443
842802 854407
860149 861254
861476 861545
861854 861977
863101 865600
867801 868688
869406 870437
871043 872308
874661 874931
875754 876423
877091 878440
879445 879617
880337 880590
882406 883141
883654 884258
884900 886695
887233 893175
894216 897962
899213 902274
903086 903298
904615 904787
906347 908563
909142 912243
914962 915612
917029 917720
919959 923971
925087 925352
926209 926373
937717 938493
939440 944822
946153 948854
949847 951818
953734 960464
964015 972725
974926 975824
979330 979557
980430 981844
983662 988983
990210 990535
993442 996210
997007 1013831
1014987 1017988
1018596 1022267
1022709 1029512
1029731 1031631
1032057 1037689
1038027 1047855
1051345 1060246
1061026 1063253
1064938 1066201
1066815 1067480
1068946 1072018
1074043 1074220
1075671 1080162
1080942 1082538
1083515 1087699
1091970 1096577
1099369 1100017
1102306 1103966
1104912 1105193
1105575 1108949
1111297 1111440
1112068 1112598
1113899 1114379
1116414 1116624
1118326 1120763
1123457 1124364
1124890 1125971
1126335 1129635
1130948 1131081
1138550 1140302
1145389 1146181
1146385 1146777
1147825 1148218
1150602 1163333
1164079 1167338
1167842 1172178
1172721 1175234
1175741 1187917
1193054 1198551
1201531 1206036
1207725 1209681
1211211 1212705
1215104 1218700
1220913 1221010
1221555 1222987
1223533 1224452
1227049 1229773
1233018 1233467
1234036 1234641
1235393 1235937
1236595 1237653
1237879 1240402
1241367 1243113
1244182 1246493
1248015 1250201
1250342 1257586
1261412 1265521
1267615 1267856
1270312 1273992
1274524 1276062
1277820 1277965
1278602 1279351
1280177 1281368
1284466 1285580
1286104 1289018
1293717 1294155
1295298 1307960
1308518 1309064
1309723 1310535
1311434 1312420
1313052 1313616
1315506 1316433
1316979 1317993
1319255 1319881
1321859 1322528
1323559 1323887
1324760 1325005
1326026 1326304
1329822 1331321
1332447 1334016
1335382 1336001
1338515 1338702
1339440 1342681
1343339 1346864
1347379 1347786
1349085 1349247
1350975 1351293
1353131 1353638
1356320 1356825
1357787 1358369
1360317 1361403
1365726 1367331
1367860 1372199
1372888 1375243
1377427 1380224
1382252 1382747
1384988 1385304
1385863 1391233
1393714 1394110
1396824 1397004
1398589 1399051
1401634 1401795
1403362 1403948
1405894 1406268
1406875 1409390
1409940 1411014
1412763 1412916
1413705 1418674
1420802 1429892
1430497 1431305
1431483 1431857
1432865 1440146
1440344 1448665
1448897 1449256
1450389 1450567
1451371 1451767
1454138 1455216
1455391 1455502
1457011 1461594
1465628 1468499
1469923 1470231
1470753 1472858
1479456 1480314
1481714 1481847
1482454 1484058
1486872 1488941
1491957 1492726
1493385 1493992
1496894 1497008
1502041 1502736
1505156 1505768
1508683 1509815
1510860 1511357
1512161 1512554
1513240 1519760
1521352 1521470
1521986 1522265
1522916 1523175
1523834 1524375
1525246 1526150
1529772 1530074
1532683 1533035
1534153 1534480
1535822 1536477
1541574 1541662
1543155 1543571
1545776 1546057
1546645 1546711
1547633 1548395
1549020 1549652
1552803 1559403
1560558 1560897
1561936 1562614
1563806 1564610
1566183 1566249
1567685 1568407
1570635 1571813
1573941 1576119
1577565 1584471
1587831 1591545
1592052 1593693
1594717 1596675
1597759 1602115
1602682 1607734
1610959 1612655
1613590 1614770
1615348 1626532
1627056 1634635
1635812 1636662
1637718 1638893
1639431 1639836
1640731 1642765
1643633 1643978
1644980 1646179
1647086 1647454
1649886 1649983
1650530 1650888
1651396 1651821
1652358 1652512
1652955 1654313
1655149 1656205
1657238 1660940
1661419 1668059
1668617 1672638
1673703 1674342
1676175 1682308
1682892 1686627
1687356 1687765
1688425 1692754
1693776 1694124
1694633 1700441
1701246 1701320
1701945 1702263
1703651 1703735
1707519 1707764
1709525 1709613
1710002 1711421
1711689 1713232
1713822 1714088
1714427 1724222
1725654 1725711
1726224 1730106
1730666 1735939
1737168 1742929
1745315 1751856
1752691 1754068
1754887 1755996
1756703 1756795
1762563 1762686
1764086 1766035
1767464 1767773
1768461 1770255
1770938 1771365
1772001 1777272
1777965 1778062
1779092 1779644
1780587 1782783
1783677 1784657
1789711 1792716
1793086 1793367
1796151 1796406
1797228 1797811
1799876 1800429
1802857 1803314
1804729 1805056
1805432 1805705
1807125 1807446
1809201 1819682
1820862 1821626
1825124 1830073
1831907 1832111
1832661 1833388
1835100 1835695
1836801 1841172
1844690 1845010
1846079 1848931
1849315 1849501
1850905 1851050
1851604 1851867
