NZ_CP007805.1_Haemophilus_influenzae_CGSHiCZ412602__complete_genome
1291 14923
15459 33919
62903 62955
71640 71830
91961 96321
104067 128993
137785 139126
142427 142511
151753 156358
161564 163724
239848 239987
240498 243113
264067 265438
268675 268774
272430 272551
298538 300495
301242 322293
322832 329946
340887 341676
342189 363478
363988 365260
381871 386391
387006 395950
406436 406600
424277 424660
425199 435396
435907 439164
441149 447028
447623 448353
464895 469785
475608 478061
479474 481219
481724 485610
485746 485839
493917 495980
497391 499413
508625 508718
527373 534175
546105 549852
560744 561006
577888 580552
580782 586047
590865 597735
603788 605749
609980 610106
616189 616383
618291 618483
620481 622249
622766 638148
655527 657039
657719 666931
668033 668395
681186 681368
694380 694668
694973 712187
712742 718413
719118 721170
721809 734962
780774 780891
786675 791216
791752 793281
795047 800194
804374 804476
807909 810431
824428 824495
830435 831515
836537 863729
902013 902103
902224 902714
903383 904099
906841 907140
921195 942626
942842 963987
964346 965296
965960 966173
972755 980973
981405 990888
991102 992616
1017359 1021427
1021985 1038110
1042718 1053889
1054000 1054446
1055281 1056351
1072979 1073054
1074637 1075266
1076005 1076334
1076878 1080323
1085796 1086132
1086743 1087620
1088411 1089133
1090784 1094441
1094868 1099496
1100141 1102864
1103222 1103320
1104123 1106079
1106700 1120092
1127599 1136906
1155321 1155405
1160968 1169050
1169587 1169921
1181783 1220913
1222093 1225201
1225395 1225960
1226693 1226918
1227171 1235659
1246376 1255767
1273333 1273543
1273782 1277487
1302191 1302369
1305238 1305408
1312574 1312674
1331956 1335000
1335536 1335784
1346648 1351391
1356663 1356803
1359905 1360651
1428411 1428532
1439293 1439505
1449863 1471552
1479250 1489311
1489552 1496079
1496817 1499789
1516124 1528454
1548978 1549145
1590911 1594165
1594430 1595694
1596104 1596588
1631379 1631521
1649970 1656101
1657036 1660006
1666128 1685452
1686023 1686237
1687434 1698048
1698687 1703433
1704139 1705707
1740932 1758365
1764685 1765665
1765761 1770674
1777282 1790439
1805695 1811802
