NZ_CP007805.1_Haemophilus_influenzae_CGSHiCZ412602__complete_genome
1 2798
3463 4742
13243 13335
14639 14834
18244 20842
21419 22612
91961 95186
112751 116575
127174 129071
152542 163708
172537 196418
264402 265021
322009 322283
340755 341116
393587 395951
406436 406600
441149 441314
448079 448289
481867 485608
493919 499413
527276 532781
532942 534185
546105 549852
564115 571083
571599 583942
590196 597735
604750 605365
606645 606756
615999 616473
618291 618406
635541 644442
655429 657039
657717 661172
661325 661987
662452 665087
694377 694507
694785 694895
695735 695804
700009 700350
724490 736374
786554 786660
794817 800194
804233 811578
836529 841970
902288 902691
948592 948650
964346 964456
972890 974173
974794 980978
991279 991823
992004 993688
994229 995520
1018823 1019277
1020037 1021345
1022044 1027707
1053948 1055091
1055281 1056333
1074716 1078279
1086850 1089957
1091762 1092366
1092745 1092959
1094044 1094441
1095662 1096153
1096502 1097370
1102876 1103429
1103759 1104058
1104348 1104725
1108965 1109099
1109668 1111346
1136726 1136970
1220285 1220913
1221773 1225601
1246376 1247542
1248156 1249009
1274112 1274359
1305205 1305322
1312574 1312674
1463754 1464621
1477018 1477252
1479252 1482861
1488964 1489311
1495996 1496079
1496817 1499734
1503781 1504221
1515773 1517166
1524530 1528292
1531745 1531843
1548978 1549145
1566656 1566796
1593072 1593135
1594926 1595694
1608199 1608303
1658002 1658779
1660517 1662315
1724302 1724683
1740932 1750519
1754546 1755001
1765719 1765814
1770423 1770573
1805744 1811802
