NC_009567.1_Haemophilus_influenzae_PittGG__complete_genome
9727 10249
11431 16340
16888 19258
20123 20974
44634 44713
57591 58700
104685 106703
115578 123618
131341 131404
140522 141453
142021 142155
146328 154945
155329 165941
166773 168996
225954 232023
258994 261794
279017 281288
283515 283796
297342 297400
317163 317329
343200 343442
358577 362062
385771 385938
431185 431897
439423 441322
442837 443017
480803 480929
501754 509484
540820 541461
550868 551724
563831 565029
571995 572355
572635 573033
575676 579255
581080 582590
583275 584654
590338 590445
594715 595471
598895 613412
614450 614593
690452 692332
699411 699525
699781 704593
714363 714636
717966 718050
733659 735235
739425 750424
755268 778783
779312 781585
805666 805946
829831 829887
832949 833088
879878 884778
885306 898166
898795 901820
902709 907850
908352 913801
914487 915074
915584 922133
922859 925463
927994 928125
937222 937845
960044 960318
965823 967698
988326 988382
996822 1003577
1032524 1032979
1100424 1101597
1132386 1134223
1134841 1139649
1147855 1154957
1170591 1173846
1173977 1174268
1174491 1174575
1188815 1189462
1190173 1190382
1200968 1208636
1219469 1219858
1227690 1227739
1231464 1231963
1245842 1248947
1256026 1258055
1268897 1274234
1275333 1275425
1302523 1307594
1323505 1324685
1360080 1360428
1364472 1368153
1368955 1369675
1403437 1403591
1432436 1432575
1446450 1447778
1474002 1474127
1512631 1515311
1574099 1574205
1577295 1577897
1578059 1580932
1584305 1584550
1588932 1590615
1594937 1595128
1602286 1611676
1618361 1627241
1631656 1637794
1651075 1652620
1676848 1677061
1687817 1687914
1759679 1763807
1771588 1771692
1814700 1814899
1842680 1842788
1845963 1846159
1846622 1853199
