NC_009567.1_Haemophilus_influenzae_PittGG__complete_genome
1 9910
10473 10703
11473 16198
16354 19258
20438 44606
44714 58607
65422 71759
74173 86302
104685 123859
131395 134567
135534 140130
140522 144420
145041 147261
147886 149316
150586 151650
152293 154302
155135 160212
160632 169027
169401 169552
170173 171203
172377 179278
180861 180934
197498 198567
199401 210632
215238 215294
223829 231677
231948 234246
245996 260500
260714 264932
269911 270213
270640 271517
278139 281288
281647 281777
283515 303149
303365 324938
338991 339290
342032 342748
343652 343739
343857 362125
385935 400927
418267 431897
432284 434954
439074 439395
441200 441319
441942 442049
442837 443017
444782 446312
446848 451403
457044 457177
503166 516318
516957 519022
519727 525397
525952 536850
540934 541370
551735 551917
561215 572722
574765 575676
575943 578932
579145 595533
596098 609073
609159 612182
614162 614417
643629 643681
652370 652560
673781 673844
681529 704725
713517 714614
717966 718050
727293 731383
731506 732605
732841 750424
755267 766831
767985 768052
805678 805946
829831 829887
832949 833088
833595 836207
857182 858497
861733 861850
865507 865629
879878 925463
928102 928211
937222 937471
960044 960328
960867 965876
967212 967475
980643 981218
981733 991928
1001016 1006070
1006581 1017657
1018187 1018712
1019234 1019575
1021151 1021891
1023313 1024613
1032524 1037063
1076505 1076888
1077427 1084364
1086052 1100118
1100590 1100754
1100878 1101601
1118144 1119006
1132386 1134264
1134392 1139781
1148403 1148678
1152953 1153582
1158262 1158426
1160490 1161736
1167560 1169404
1170591 1173844
1173985 1174575
1185467 1185729
1188813 1204353
1204456 1205017
1214904 1219724
1233962 1235730
1236247 1251633
1256026 1259126
1269040 1274744
1274828 1274997
1275083 1283022
1283897 1283983
1302650 1337928
1344536 1349142
1350123 1350311
1356625 1356769
1417031 1421536
1422735 1422784
1432292 1452000
1452935 1459095
1472585 1512975
1513631 1530740
1531337 1539966
1577471 1590615
1606716 1611676
1619591 1619697
1621684 1621737
1623009 1623793
1625946 1626214
1626797 1626958
1633477 1635826
1644730 1653468
1665837 1666488
1676848 1677061
1687815 1687911
1759690 1760185
1768680 1773426
1784287 1784535
1785071 1788147
1817775 1817953
1835662 1846076
1846398 1849320
1849919 1853256
1870980 1887192
