NC_009567.1_Haemophilus_influenzae_PittGG__complete_genome
11431 16198
17241 21066
44550 44713
115578 123618
131341 131404
140522 141453
142021 142155
146395 146533
146636 146764
146960 147460
147777 148764
153242 153342
155329 155414
155935 157907
158221 158283
160632 161203
163876 165875
170402 170841
197516 200834
201427 202285
202434 204257
205074 206187
206361 210617
225954 230140
256086 257378
257920 259604
259785 260323
270642 271299
283515 283796
297342 297400
317163 317329
358588 362121
431673 431897
439287 442709
480803 480929
501754 513637
539932 540001
540820 541507
563831 565000
579131 582590
583275 584784
590358 590459
593312 593404
598884 601482
602059 603250
610697 613412
614524 614593
629987 630112
690280 690866
691054 692332
699252 704801
714363 714636
732468 750440
755268 766831
767985 768064
805679 805946
825909 826063
829831 829887
880164 882889
900803 904792
905024 907212
909931 924032
927994 928125
960044 960318
966788 967717
1000999 1003577
1101325 1101536
1132386 1134256
1134391 1139779
1147855 1148306
1148537 1149719
1150600 1153511
1167432 1169404
1170591 1174575
1190130 1190382
1201094 1205059
1219579 1219819
1231566 1231963
1249030 1254437
1255023 1259126
1268944 1271109
1302555 1308054
1323837 1324685
1333590 1333972
1403437 1403591
1446778 1448628
1450246 1451033
1472584 1472672
1500884 1500988
1513294 1513370
1514866 1515311
1574099 1574205
1577586 1590524
1594937 1595128
1602286 1602725
1606771 1611268
1633344 1633585
1651075 1652620
1687817 1687914
1702544 1703163
1706381 1706534
1759834 1763359
1814700 1814936
1842680 1842788
1845963 1846159
1846600 1853389
