NC_009567.1_Haemophilus_influenzae_PittGG__complete_genome
1 10249
10473 10703
11473 16198
16354 19258
20438 44610
44714 58607
65422 71759
74173 86302
104685 123859
131395 171203
172377 179278
180861 180934
197498 198567
199401 210632
215238 215294
223829 234246
245996 264932
269911 270213
270640 271517
278139 281777
283515 303149
303365 324938
338991 339290
340824 362125
385935 400927
418267 434954
439074 439395
441200 441319
441942 442049
444773 451403
457044 457177
503166 536850
540934 541504
551735 551917
561215 573279
574765 575676
575943 578998
579145 581199
581822 581929
584663 609073
609159 612182
614162 614417
643629 643681
652370 652560
673781 673844
681529 699187
699334 704864
713517 714614
717966 718050
727293 750424
755267 766831
767985 768052
805808 806449
829831 829887
832949 833088
833595 836207
857182 858497
861733 861850
865507 865629
879878 925463
928102 928211
937222 937855
960044 965876
967212 967475
980643 991928
1001016 1024613
1032524 1037601
1076505 1101601
1118144 1119006
1132386 1139796
1148403 1148678
1152953 1153582
1157023 1158426
1160490 1161736
1168710 1169404
1170591 1174575
1185467 1185987
1188813 1205017
1214904 1219730
1233962 1251633
1256026 1259085
1270679 1271111
1271897 1272004
1272627 1274681
1274828 1274997
1275083 1283983
1304289 1304471
1305257 1305364
1305987 1337928
1344536 1349257
1349331 1350311
1356625 1356769
1374815 1375977
1417031 1421536
1422735 1422784
1432292 1459095
1472585 1539966
1577471 1590615
1606134 1611676
1618361 1627241
1633477 1635826
1644574 1653468
1665837 1667748
1676848 1677061
1687815 1687911
1722082 1722593
1759690 1760185
1768680 1773426
1784287 1788147
1817775 1817953
1835662 1853256
1870980 1887192
