NC_009567.1_Haemophilus_influenzae_PittGG__complete_genome
10919 16340
17241 21066
44550 44670
58660 59142
71528 71692
115578 123618
131341 131404
140522 141453
142021 142155
146395 146533
146960 148764
153242 153342
155329 158283
159511 162267
162346 166689
170408 170847
199444 199666
225954 230140
246082 246531
247135 247480
258995 261794
270642 271299
279017 281288
283515 283796
297342 297400
317163 317329
358588 362121
385549 385716
431185 431897
439201 439264
444334 444843
480803 480929
503158 509484
539932 540001
540820 541507
544433 544748
563831 565000
579041 579337
584464 584950
593319 593411
596321 596534
598884 603250
613336 613412
614449 614593
629987 630112
690452 692332
699222 704886
733809 735439
739441 750440
787295 787669
805715 806739
825909 826063
829831 829887
865498 865621
880150 904747
906559 907212
908415 911995
914272 914448
915918 921454
928064 928197
960044 960318
965823 967698
1001476 1003578
1035409 1035555
1093416 1095395
1100493 1100714
1101325 1101536
1132386 1134361
1137965 1139968
1147855 1148306
1148535 1154957
1170591 1173876
1173963 1174575
1188813 1189462
1190130 1190382
1202722 1204391
1204775 1205151
1212877 1213060
1219635 1219818
1231511 1231694
1251638 1251725
1256548 1259126
1268859 1274784
1302470 1308151
1323837 1324685
1333590 1333972
1335162 1336417
1403437 1403591
1449140 1459095
1472584 1472672
1513294 1513370
1514866 1515311
1577428 1581569
1589395 1590511
1602286 1611676
1618361 1627241
1633469 1637103
1651682 1652429
1687815 1687911
1702544 1706534
1759679 1760192
1814687 1814936
1835501 1835614
1842680 1842788
1845963 1846159
1846600 1853389
