NC_009567.1_Haemophilus_influenzae_PittGG__complete_genome
11431 16198
17241 21066
44598 44713
58878 59495
71528 71692
115578 123618
131341 131404
140522 141453
142021 142155
146395 146533
146960 148764
153242 153342
155329 158283
159643 161183
162120 162267
162391 165947
170408 170847
199444 199666
225954 230140
246082 246476
258995 261794
270642 271299
279017 281288
283515 283796
297342 297400
317163 317329
358588 362121
385549 385716
431185 431897
439258 439749
444634 444787
480803 480929
503158 509484
539932 540001
540820 541507
563831 565000
584764 584814
593319 593411
598884 603250
613336 613412
614449 614593
629987 630112
690452 692332
702832 704830
733809 735439
739441 750440
767964 768039
806238 806821
825909 826063
829831 829887
857717 858176
865498 865621
880964 882370
882839 904747
906559 907346
908853 911995
915918 921454
960044 960318
965823 967698
1001476 1003434
1035409 1035555
1093416 1095395
1101325 1101536
1132386 1134256
1137891 1139912
1147855 1148306
1148535 1154957
1170591 1173846
1173963 1174575
1188813 1189462
1190130 1190246
1202722 1204333
1204775 1205059
1251638 1251725
1256548 1259126
1268915 1274729
1304236 1307458
1323837 1324685
1333590 1333972
1335162 1336417
1403437 1403591
1449140 1459095
1472584 1472673
1513294 1513370
1514866 1515311
1577428 1581569
1589395 1590511
1602286 1611676
1618361 1627241
1633469 1637103
1651682 1652429
1687815 1687911
1702544 1706534
1759679 1760192
1814687 1814936
1842680 1842788
1845963 1846159
1846600 1853389
