NC_009567.1_Haemophilus_influenzae_PittGG__complete_genome
11431 16198
17241 21066
44550 44713
115578 123618
131341 131404
140522 141453
142021 142155
146395 146533
146636 148764
153242 153342
155329 155414
155935 158283
160247 161203
163876 165875
170408 170847
197516 210617
225954 230140
256086 261794
270642 271299
279017 281288
283515 283796
297342 297400
317163 317329
358588 362121
431185 431897
442592 443247
480803 480929
501754 513637
539932 540001
540820 541507
550868 551724
563831 565000
582472 582624
584764 584813
590358 590459
593312 593404
598884 603250
610697 613412
614524 614593
629994 630119
690280 690866
691054 692332
702661 704830
714363 714636
732468 750440
755268 766831
767985 768064
805804 806712
825909 826063
829831 829887
880164 881669
882322 882889
900803 904792
905024 907212
908032 908247
909931 924032
927994 928125
960044 960318
966788 967717
1000999 1003577
1101325 1101536
1132386 1134256
1137720 1138375
1147855 1148306
1148537 1154957
1168710 1169404
1170591 1174575
1188813 1189462
1190130 1190382
1201094 1204353
1204456 1205059
1219579 1219819
1228699 1231963
1245842 1259126
1270449 1271109
1302526 1304714
1323837 1324685
1333590 1333972
1335162 1336417
1403437 1403591
1447519 1459102
1472584 1472672
1500884 1500988
1513294 1513370
1514866 1515311
1574099 1574205
1577586 1590524
1594937 1595128
1602286 1611676
1633344 1633585
1651075 1652620
1687817 1687914
1702544 1706534
1759834 1763807
1814700 1814936
1842680 1842788
1845963 1846159
1846600 1853389
