NZ_CP007470.1_Haemophilus_influenzae_strain_477__complete_genome
1 1887
6614 6776
24152 24251
28904 29066
55694 55861
58906 59043
67909 73514
99544 100057
102200 104682
141100 142204
156435 159871
189762 190163
191262 193021
195496 196538
220578 224162
224994 226966
227501 230315
230805 235140
235697 241943
258711 259384
275944 277961
330246 337873
346618 349580
350525 359876
360463 372709
442646 442888
458129 458562
474571 474624
474824 483451
533822 533952
576930 577034
588420 589659
707579 713309
732095 732285
736617 738130
745344 749846
752954 753053
770262 770427
812899 815783
827428 827547
854282 857494
871875 872066
873428 874731
888606 889532
953375 954097
954900 962985
986525 986594
987799 997052
1012970 1015968
1018153 1018284
1046540 1051595
1146014 1146080
1146920 1147196
1171672 1172716
1180217 1180405
1182796 1186333
1186476 1186637
1186892 1191483
1201352 1202108
1216412 1216668
1292718 1293636
1303005 1303256
1304862 1308183
1317951 1318213
1321544 1321628
1337237 1339003
1356034 1356459
1388398 1388691
1415395 1415534
1447942 1448553
1462813 1468002
1468530 1481392
1482021 1493896
1494177 1505112
1505296 1507264
1508229 1512670
1524408 1537848
1583010 1583150
1587207 1587428
1587498 1589826
1618768 1619222
1679479 1681349
1686320 1687293
1720672 1724387
1733084 1734771
1736285 1739015
1766779 1767041
1779270 1780079
1780967 1784809
1795522 1796037
1807631 1824733
1830288 1831643
1842752 1846259
