NZ_CP007470.1_Haemophilus_influenzae_strain_477__complete_genome
1 2178
6614 6776
28854 28945
55694 55861
58906 59043
63403 72001
103409 103626
156435 158948
191262 193021
228729 230384
230944 231196
258711 259384
310955 311070
335841 337873
359173 359421
474571 483485
533843 533949
584804 585284
588420 589659
657417 657538
668379 668554
692831 693653
708269 711781
736706 738290
745710 749814
754149 754314
770262 770427
827428 827547
888663 889445
1046074 1051726
1156431 1157996
1179962 1191546
1216412 1216668
1292718 1293636
1302905 1303119
1303539 1308246
1337243 1337570
1347835 1347928
1362619 1362965
1364165 1364669
1387538 1387842
1464309 1465129
1465878 1485851
1487543 1488429
1491511 1492137
1493864 1497597
1497706 1497756
1498314 1505321
1510388 1510829
1537087 1537848
1587658 1589403
1679479 1681349
1714695 1724387
1732874 1738364
1748823 1749830
1766779 1767041
1778955 1780081
1795522 1796033
1829037 1829763
1831483 1832816
1832931 1832985
1842819 1846259
