NZ_CP007470.1_Haemophilus_influenzae_strain_477__complete_genome
1 2510
22745 24174
28903 29065
40414 50765
63369 99728
100276 100505
101238 142111
142549 159039
159597 160735
161538 165187
173714 173771
178377 190427
210705 210781
212364 219265
220439 220775
221386 229970
230736 235073
235386 235507
236340 238346
238991 243230
243851 248792
249033 253165
258525 259321
266851 267270
275943 277961
296341 310086
310623 322970
323084 346189
346616 359678
361707 364305
366865 372928
379513 379726
381055 388390
400098 402758
402974 424411
438436 438735
441477 442193
443098 443184
443301 443386
458212 458356
474543 485875
502187 502397
502636 513117
530780 533976
560548 563624
564160 589648
657417 657538
691932 711781
736617 749814
754149 754314
770262 770427
787931 788677
812790 815131
815439 827547
850572 850761
854377 856132
878215 878339
889587 889675
899181 899230
900427 910864
911503 916249
916955 918523
966194 966330
972645 972833
973801 978407
985012 1018157
1036813 1036899
1037774 1045691
1045777 1050088
1051854 1053385
1053921 1058476
1064153 1064252
1087867 1105368
1105982 1108709
1110508 1121875
1122507 1124578
1125283 1130954
1131509 1142405
1145489 1146080
1147036 1147204
1156431 1158062
1167345 1179684
1180207 1180395
1180943 1182785
1185609 1186321
1189794 1191616
1197213 1202170
1202734 1211240
1211323 1216980
1245890 1245942
1254623 1254813
1276081 1276143
1283824 1306366
1306496 1306676
1306804 1308315
1317106 1321628
1330871 1334961
1335085 1339000
1388398 1388679
1407780 1415534
1416036 1418655
1439628 1444287
1448065 1448565
1462813 1466092
1466164 1487419
1487543 1512670
1524408 1524657
1547944 1548278
1548817 1555930
1566741 1567316
1567831 1587428
1587498 1592317
1592827 1603905
1604434 1604959
1605481 1605822
1607398 1608138
1609560 1610858
1618768 1621633
1622357 1623166
1668056 1670463
1672151 1673726
1674237 1677497
1679479 1686015
1686489 1686653
1686774 1687297
1703842 1707582
1714555 1717008
1718421 1720166
1720672 1724650
1724786 1724879
1732952 1738407
1748824 1750669
1762752 1763013
1763532 1767041
1772524 1773242
1777649 1781226
1791081 1795912
1810179 1811953
1812470 1824734
1830288 1830986
1842895 1846259
