NZ_CP007470.1_Haemophilus_influenzae_strain_477__complete_genome
1 2297
6614 6776
28854 28945
58906 59043
65423 73514
128125 128176
156435 158948
190165 191072
195360 196466
258710 259384
332943 337873
474819 483383
533844 533979
588783 589037
660221 660357
668379 668554
717888 718236
732095 732285
736708 753053
770262 770427
873785 874398
888669 889451
1016646 1016748
1046074 1051830
1179962 1180395
1186474 1191614
1302843 1306369
1307034 1308393
1317951 1318213
1335866 1338998
1387562 1387842
1447942 1448553
1463099 1465341
1466224 1466345
1491277 1492123
1493924 1494052
1497963 1501496
1502627 1502731
1503596 1503714
1503948 1507033
1587234 1589853
1679479 1681349
1732954 1738364
1749974 1750669
1766779 1767041
1777649 1780081
1807783 1808339
1828156 1831786
1842799 1846259
