NC_000907.1_Haemophilus_influenzae_Rd_KW20_chromosome__complete_genome
83679 84474
87973 88660
91586 92087
103353 103789
123479 123593
128438 128925
138510 138705
139590 139765
142115 146489
154571 154762
156534 156669
173211 173337
233988 235440
242309 242371
245778 247758
250072 250672
275770 275887
277142 278938
304081 304585
309091 309465
327511 327952
347123 347277
387464 387587
413488 414126
426194 426955
442882 444029
509161 509305
528134 530604
534887 535048
550794 550934
574842 575227
575850 576060
603516 615534
623593 624102
629008 629304
656882 662552
673023 673311
674489 674692
676356 678194
693106 693368
704851 712488
716728 716911
723608 723698
731567 732931
736708 736891
757195 760046
770983 776697
792057 792227
801519 801901
803098 804351
816991 819197
916402 916679
918041 928036
969684 969803
982103 982166
983675 983957
1030161 1032638
1049393 1052418
1060409 1061809
1066240 1066344
1073504 1082590
1089275 1098154
1104382 1107737
1122336 1123575
1158559 1158678
1166764 1167239
1173782 1177772
1230915 1231866
1286343 1286504
1344661 1344965
1347191 1349197
1356907 1357561
1364758 1367827
1379341 1380246
1392588 1393597
1416019 1419020
1419624 1420035
1490885 1494534
1498773 1499149
1499439 1502672
1506327 1506427
1506563 1510550
1511256 1511629
1512414 1512853
1537754 1543738
1545605 1595738
1632142 1632412
1633242 1637540
1637617 1638052
1682816 1686186
1693173 1694026
1711532 1712171
1716893 1717501
1755929 1756432
1783194 1783285
1789221 1790480
1793080 1794494
1804748 1809045
1816512 1822231
1828778 1828897
