NC_000907.1_Haemophilus_influenzae_Rd_KW20_chromosome__complete_genome
83679 84474
87973 88660
91586 92087
97893 103607
123479 123674
126697 127121
138510 138705
142115 146489
154570 156669
157543 157643
173218 173455
233542 233888
233988 235440
242255 245734
250072 250672
257842 258106
275756 278573
287779 302864
309091 309465
327545 327980
347123 347277
413488 414126
509203 509307
528134 530604
534887 535048
550794 550934
569692 569749
574842 575227
575850 576060
609138 615578
623593 629304
658701 662552
674489 678194
684929 685026
693106 693368
698712 706525
707041 712488
723197 723699
731567 732931
733904 737160
759826 760046
773273 776752
792057 792227
801519 801901
803098 804351
816991 819197
828868 828924
916402 928043
982103 982166
983675 983957
1030131 1032638
1046067 1046165
1049454 1061807
1073504 1082590
1104262 1106471
1109735 1109969
1121728 1123638
1166764 1167239
1173782 1177772
1235005 1235468
1344661 1344965
1347191 1349197
1356907 1357561
1364758 1370737
1373062 1373185
1379341 1380154
1392588 1393597
1416014 1418993
1419529 1420084
1490885 1494534
1498773 1499149
1499439 1502672
1506292 1506427
1506563 1510550
1511256 1512853
1537185 1537961
1540300 1595738
1632142 1632412
1633242 1637540
1682816 1686186
1693173 1694026
1711535 1712171
1716893 1717501
1755990 1756580
1783194 1783285
1789221 1790480
1793080 1794494
1804748 1809045
1816512 1820405
1828778 1828897
