NC_000907.1_Haemophilus_influenzae_Rd_KW20_chromosome__complete_genome
83679 84474
87973 88660
97893 103607
126941 128787
138510 138705
142115 146489
154570 156669
173212 173338
233542 233888
233988 235440
245534 247703
250072 250672
257842 258106
275756 278573
287779 289362
327600 327925
347123 347277
413488 414126
528134 530604
534887 535048
550794 550934
569692 569749
574797 574961
575850 576060
609138 615534
625942 626088
656937 659125
662394 662552
674489 678194
693106 693368
698712 706529
706825 712488
723197 723699
731567 732931
733904 737160
759826 760046
772574 773473
792057 792227
801519 801901
803098 804351
816991 819197
828868 828924
916402 928043
982103 982166
983675 983957
1030131 1032638
1046067 1046165
1049454 1061807
1073504 1082590
1104262 1106471
1109735 1109969
1121728 1123638
1166764 1167239
1173782 1177772
1235005 1235468
1344838 1344965
1347191 1349197
1356907 1357561
1364758 1370765
1373062 1373185
1379560 1380154
1392588 1393597
1416014 1418866
1490885 1494534
1498773 1499149
1499439 1502672
1506327 1506427
1506563 1510550
1511256 1512853
1537185 1537961
1540300 1595738
1632142 1632412
1633242 1637540
1682816 1686186
1693173 1693865
1711535 1712171
1716893 1717501
1783194 1783285
1789221 1790480
1793077 1794491
1804748 1809045
1819736 1820635
1828778 1828897
