NC_000907.1_Haemophilus_influenzae_Rd_KW20_chromosome__complete_genome
83679 84474
87973 88660
103353 103789
128738 128788
138510 138705
142123 146497
154571 154762
156534 156669
173211 173337
233988 235440
245704 247703
250072 250672
275770 275887
277142 278938
304072 304576
347123 347277
379656 380008
387464 387587
413488 414126
426194 426955
442882 444029
509161 509305
528134 530604
534887 535048
550794 550934
574797 574961
575850 576060
603516 615534
623648 623802
628716 629249
658649 662552
673023 673311
674489 674692
676356 678194
693106 693368
704851 712488
731567 732931
757195 761114
771039 776002
792057 792227
801519 801901
803098 804351
816991 819197
916402 916679
918041 928036
969684 969803
982103 982166
983675 983957
1030161 1032638
1049393 1052418
1060409 1061809
1066240 1066344
1073504 1082590
1089275 1098154
1104382 1107737
1122336 1123551
1158559 1158678
1166764 1167239
1173782 1177772
1230915 1231866
1286343 1286504
1344838 1344965
1347191 1349197
1356907 1357561
1364758 1367827
1379559 1380599
1392588 1393597
1416019 1418869
1419679 1419933
1490885 1494534
1498773 1499149
1499439 1502672
1506327 1506427
1506563 1507226
1507534 1510550
1511256 1511629
1512414 1512853
1537754 1543738
1545605 1595738
1632142 1632412
1633242 1633481
1633907 1637526
1682816 1686186
1693173 1693865
1711532 1712171
1716893 1717501
1755929 1756432
1783194 1783285
1789221 1790480
1793077 1794491
1804748 1809045
1816567 1822176
1828778 1828897
