NC_014922.1_Haemophilus_influenzae_F3047_complete_genome
1 70
877 1271
4432 4848
6795 7147
14294 21562
23156 24740
25662 26424
27049 27681
30831 35560
38460 38799
39838 40516
44087 44153
45589 46309
48537 49715
51590 52303
53037 53625
55692 58892
59861 60222
64292 64889
67791 68144
71849 72307
73952 74316
77788 78373
80236 80359
80668 80737
80959 82095
90708 94878
95501 95584
96329 98036
99836 100694
112490 112874
113661 115804
117557 118212
120194 120798
123479 123832
124183 124520
125590 126414
126994 127951
131286 132633
133363 134393
135204 135727
136258 136858
137758 138026
139362 139544
140540 140640
142141 145881
147818 148358
148972 149107
150716 155247
155908 155974
158252 158350
158836 159401
160397 161000
161568 162256
164031 166382
167419 169713
170858 171426
171963 173063
175117 175362
176933 177296
177958 178150
182904 183234
187070 187143
191089 191493
192351 192751
195330 195794
197096 197478
198401 198783
200340 200516
205282 205493
207441 207814
210692 210943
212577 213189
213911 214055
215963 216681
218305 218686
218934 219022
220757 220951
221613 223774
225252 225670
227776 229057
229952 230999
232019 232500
234086 234858
235983 236087
239545 239987
240923 241207
243058 243175
243706 244237
247927 248162
248718 252146
253128 253623
254421 256906
257507 258804
259433 260817
261408 262022
264728 264964
266518 270716
273945 274153
276587 277752
278354 278662
279284 281328
282110 283708
285233 290243
291839 293935
299287 299546
300612 300996
301610 301675
302418 303142
303682 304089
305532 305880
306389 307461
308248 308884
309927 310269
311658 312134
312940 313014
315346 315931
316723 317663
320003 321583
322781 326710
328261 328384
331463 332338
333130 333370
334662 334955
339702 340937
343365 343429
345715 346014
346564 347186
348364 349043
350488 351080
353156 353228
356287 356756
357598 357840
358470 359758
360485 360776
364770 365214
367211 367472
368077 368420
370461 370627
372113 374433
375122 375808
376469 377762
379064 379692
381354 382015
383491 383607
384615 384804
387367 388282
389945 391405
394694 395060
396941 398922
399824 400951
401867 402129
403473 403812
405984 406445
407395 407452
409499 409949
410717 411342
413001 415812
416364 417719
421088 421414
422431 426898
427070 429237
430414 431262
433242 433492
434034 434439
435330 436359
436968 437363
438233 438577
439568 440767
441675 442042
444474 444569
445116 445474
446074 446399
446942 447093
447875 448297
450499 450778
451431 451555
453296 457823
459486 462291
466798 469051
472723 474273
474382 491590
492103 499175
499797 500566
501800 501943
502811 502877
503486 503824
507391 509653
510495 511574
512179 512302
512656 513921
514161 514853
516464 517229
520126 520832
521254 522528
524478 525504
529469 530857
532920 533950
534738 535536
537968 538999
541393 542145
543590 544854
545359 546196
547926 555189
555847 557512
558784 559952
560895 561832
564150 564415
565030 565208
565812 567006
567221 567571
568132 570423
571278 571645
573205 573490
574400 574584
575773 575998
576707 579516
581218 581662
584483 584828
586919 588417
590841 590940
595261 595739
598219 599480
601642 602099
603208 603435
604722 604775
605314 605609
606452 606932
607525 608334
611600 615287
615968 616923
617566 618207
618936 623076
623589 625696
626908 627254
627875 628116
628878 629153
630843 632594
633634 634841
635490 636929
638104 640080
641124 641428
642753 643071
646942 648426
649243 649370
650022 650354
651332 651399
652357 652785
653158 653612
654843 655434
661348 661454
662353 663114
664549 665163
666027 666534
668782 669367
671019 671755
672365 672480
673498 673669
675047 675551
676127 676362
679528 681487
682997 683864
689868 690698
691435 691493
692200 692717
694153 698728
699279 699442
703346 703760
704407 704658
706831 707417
708044 709608
712052 713055
716930 717608
718671 718905
719224 719298
720477 721532
722063 722182
724258 724482
726108 726443
727259 728048
728646 730223
731383 731464
731989 732339
733275 734510
735781 737266
742064 743173
744172 746694
748346 754220
756735 757259
757867 757958
760784 761001
763742 764270
764990 765206
766424 767014
767922 768060
768880 769864
771372 771713
775768 776329
779260 780621
781345 782193
783503 783841
784484 785195
787089 787200
791478 792475
793197 794520
794804 794957
799262 799816
801881 802464
803288 804295
804717 805468
806212 809279
809798 811374
812661 812806
814287 815266
816161 816595
817694 818354
819297 819849
820883 820975
821668 822911
823437 826974
827610 828037
828720 828933
829624 830360
830641 835199
835691 845933
846438 854815
855805 856103
856966 857595
858329 858388
864160 865574
866035 866933
868135 868821
872490 875982
877073 877209
877895 878204
879632 881582
882982 883105
885673 886060
888874 888966
889673 890785
891604 894661
897075 897376
897489 899132
900710 901460
902286 902537
903058 905980
907062 908343
909141 909725
910518 910780
913015 913113
915970 923903
924068 924782
927495 927568
928589 928750
930285 930606
931928 933421
933999 935906
939590 941568
943253 943420
948364 948840
952051 953550
954293 954497
955047 956908
957486 958081
959187 959630
961431 961512
962467 963541
969036 969595
971194 971295
971679 971867
973271 973416
973971 974234
978556 978712
979775 980090
980795 981253
981925 982993
983505 983782
984488 988178
988737 989712
993138 993925
994024 994149
995314 995594
996373 997403
998234 998799
1000641 1001111
1003049 1007917
1008789 1009066
1009774 1010254
1011577 1015370
1016554 1016800
1018883 1019551
1020235 1021577
1022983 1023069
1029380 1029502
1032311 1032941
1035514 1045064
1045677 1046636
1051775 1055278
1057452 1058870
1059447 1061561
1062836 1063508
1065353 1065437
1069226 1069471
1071231 1072899
1075285 1076560
1077836 1078089
1078809 1078981
1079989 1081338
1082006 1082675
1083498 1083768
1086122 1087387
1088498 1089386
1094554 1095429
1099696 1101826
1102404 1104098
1106736 1107059
1109691 1110145
1112081 1112331
1113830 1114047
1114167 1114292
1116113 1116998
1121234 1121825
1123857 1124027
1129102 1132735
1133227 1136661
1138983 1139370
1142728 1142980
1144211 1145359
1145877 1146039
1146342 1146994
1148142 1148610
1151269 1151770
1152406 1153540
1154981 1160862
1163495 1163748
1165256 1165509
1168103 1168914
1171045 1171881
1176777 1176930
1178678 1179082
1179753 1180973
1181765 1185051
1187985 1188571
1190138 1190299
1190719 1190810
1193080 1193494
1195090 1195270
1197980 1198379
1204537 1205095
1205892 1206402
1208976 1224554
1227184 1234360
1235572 1236076
1239900 1240134
1240824 1241365
1241483 1242442
1247850 1248447
1248891 1249554
1250518 1254218
1256057 1256375
1258103 1258265
1259577 1259983
1260500 1260870
1266099 1266868
1267607 1267793
1270307 1270539
1272292 1272407
1273261 1273861
1274987 1276486
1277534 1278466
1291886 1292662
1293611 1294393
1294942 1296697
1300301 1301201
1305516 1305820
1307736 1307921
1310112 1311520
1311832 1312778
1319191 1323566
1324645 1324705
1327186 1329742
1331131 1331231
1333433 1334331
1337843 1338018
1338983 1339441
1342205 1348630
1348849 1350130
1352804 1353967
1355196 1355521
1356941 1357797
1359479 1378395
1378490 1379537
1380880 1381511
1382007 1384139
1384303 1384565
1384945 1387725
1388109 1388646
1389177 1389748
1389947 1396483
1396929 1420586
1425375 1425618
1427069 1427167
1428158 1428463
1430483 1431898
1432715 1432907
1433413 1433658
1435207 1436737
1437841 1439008
1442724 1442846
1445510 1445661
1446628 1446991
1447492 1449150
1449378 1450470
1451193 1451607
1453766 1454382
1456779 1457049
1462179 1463685
1465309 1465463
1468259 1468907
1473053 1473896
1475651 1476193
1476886 1478460
1484114 1484521
1484835 1485503
1485634 1486400
1487072 1490803
1491348 1491445
1493658 1494371
1494881 1495249
1498820 1499356
1501765 1502111
1503302 1505406
1508323 1508989
1510014 1513780
1514346 1518677
1519305 1519753
1524784 1526021
1526376 1527659
1532163 1532566
1533815 1537449
1538698 1539490
1544713 1545263
1547599 1551011
1558332 1558414
1559815 1562892
1564519 1566955
1568655 1568867
1570904 1571381
1572818 1573555
1573768 1586307
1588640 1589312
1590569 1591362
1594031 1594480
1595049 1595648
1596406 1596950
1598071 1598951
1599465 1599680
1600202 1601766
1602534 1602620
1607604 1608219
1609685 1610350
1612041 1612226
1613916 1614353
1616020 1616178
1616958 1619131
1622246 1622485
1625833 1627369
1629334 1631440
1636902 1637605
1638493 1640256
1640383 1640661
1641386 1645152
1645322 1645799
1647344 1647664
1648871 1649760
1650837 1667295
1671542 1671642
1671802 1672194
1672673 1672892
1673584 1677347
1678440 1679489
1680275 1680370
1680589 1682925
1683325 1683587
1683718 1688112
1688977 1692708
1692956 1694635
1702454 1702689
1705610 1705682
1706259 1706567
1708661 1708902
1712397 1712457
1714483 1715425
1717048 1718304
1718799 1721124
1721201 1722283
1724858 1726495
1729606 1732015
1732642 1734651
1736236 1736845
1737437 1744929
1745628 1750278
1751880 1752168
1756252 1756816
1758708 1759634
1765061 1765729
1766760 1767088
1767961 1768206
1769230 1769508
1773463 1773728
1774434 1778262
1781025 1781716
1783542 1784991
1786503 1789603
1792141 1792396
1793956 1794128
1795445 1795657
1796469 1796921
1800763 1801248
1802424 1802508
1803553 1804001
1804793 1805248
1808668 1808771
1809921 1812690
1816727 1820757
1822785 1822896
1823664 1823794
1824761 1825148
1827962 1831644
1832223 1833215
1833443 1834848
1835665 1837054
1837670 1838131
1839377 1840028
1840594 1840760
1841204 1842602
1842788 1850435
1851000 1853123
1856038 1857169
1858214 1858711
1859517 1859908
1860594 1860744
1862301 1862573
1863299 1863381
1866030 1866309
1868746 1868858
1869383 1869652
1870310 1870751
1872640 1873544
1880805 1881966
1884272 1884582
1885116 1885361
1890183 1891089
1891696 1892150
1893846 1894093
1895318 1895475
1896154 1899592
1900617 1900946
1903456 1903832
1906843 1906988
1907562 1908171
1911847 1911904
1913081 1913370
1917359 1917615
1918761 1919289
1926945 1928022
1930937 1931176
1931812 1932537
1933940 1935338
1935949 1938308
1940764 1941429
1943544 1943720
1944331 1945142
1945472 1960713
1960905 1966639
1967121 1973630
1975495 1975745
1977500 1978518
1979562 1979636
1981372 1983319
1984899 1985130
1985829 1986229
1988663 1988753
1990891 1992677
1992841 1999136
2000510 2000628
2005042 2005533
2006912 2007018
