NC_016809.1_Haemophilus_influenzae_10810_genome
1 4529
28143 80952
83920 84455
87550 143545
153595 154002
155149 155331
169062 171787
174616 175342
175498 175704
177447 177564
178187 178294
179080 179260
180776 206126
221491 221931
235157 235209
243890 244080
265203 265266
273011 296731
305844 311978
319579 319663
323016 324752
325670 337650
338993 352470
356242 403071
423676 424151
443483 447313
450377 450516
451027 453591
474646 475353
475605 475887
479120 479222
508626 540056
550864 608013
615923 621003
657922 674802
683814 684844
701365 705107
712082 713330
715393 716798
719018 719189
723469 723600
723740 732067
732558 737883
746381 747163
765686 782628
790984 809137
809369 814603
820876 825702
833661 835015
864460 865763
876908 911433
918041 922752
922856 923836
930152 930296
948341 949505
978439 996506
997703 1032327
1050776 1050917
1085725 1115941
1137155 1138099
1156345 1159759
1162500 1168725
1184116 1184281
1187231 1206805
1207518 1224482
1236083 1238617
1245626 1254197
1268174 1268463
1277556 1277768
1288529 1288649
1322767 1323274
1371922 1373753
1384618 1391125
1417652 1420737
1434734 1456149
1456365 1471473
1476582 1482732
1489316 1490183
1490610 1515044
1526794 1536774
1545301 1545358
1549964 1566386
1572125 1593011
1611357 1620534
1628087 1679867
1689526 1696244
1709104 1727866
1740748 1836338
1861728 1862280
1863758 1867283
1905830 1920833
1932184 1933006
1938990 1963544
1967663 1980290
