NC_016809.1_Haemophilus_influenzae_10810_genome
1 70
877 1271
4432 4839
7448 7800
8918 9245
16797 18332
19923 21508
22430 23192
23817 24449
27600 29658
30227 32288
35188 35527
36566 37244
40812 40878
42314 43034
45262 46439
48465 52239
52973 53561
55627 56310
58013 58827
64227 64824
67750 68103
71808 72266
73911 74275
78338 79524
80151 80736
82599 82722
83031 83100
83320 84458
87618 143613
149066 153236
153859 153942
154687 155138
155741 156599
166495 166726
167425 167825
170259 170349
172493 173426
174013 174279
174883 180954
182387 182439
182956 183520
184156 184657
187352 187820
188968 189620
189923 190085
190603 192313
193544 193796
197320 197541
203040 203236
203772 206716
211790 211960
213992 214581
218817 219702
221516 221984
223482 223732
225655 226109
228741 229064
231702 233396
233974 234254
235099 236103
240371 240495
241188 241247
246410 247297
249654 250907
253260 253530
254353 254965
255948 257039
258044 258216
258936 259189
260464 260878
264038 264107
265656 265744
267504 267749
271539 271623
273480 274151
276360 277540
281864 283082
283485 283670
289196 290156
290769 294441
295085 297388
297950 298442
303044 303674
305419 305810
306502 306883
307698 307889
308407 308683
309391 309871
312378 312624
314704 315372
316056 317398
325112 330178
332116 332586
334446 335011
335837 336812
339584 339767
343184 344161
344720 345472
346045 346828
347624 348437
349143 349420
349932 351000
351672 352802
356242 384780
385191 398527
398761 403120
404534 404797
405352 405498
407474 407575
409174 409733
415228 416302
417257 417338
419138 419581
420687 421282
422994 424292
424842 425046
426882 427287
428704 431827
435922 436089
438909 439752
444136 445243
445818 447313
448633 448954
450489 450650
451671 451744
455054 455169
457168 458663
460025 460848
461474 461646
462357 462620
463412 463996
464794 466075
467840 468626
469196 469458
469999 470077
470598 470849
471675 472425
474003 475569
475682 475983
482278 483204
483911 484003
486817 487204
489772 489895
491295 493245
494673 494982
495668 495803
496894 497012
497246 497459
498142 498569
499205 499612
499859 502589
503115 504358
505051 505143
506177 506729
507672 508332
509431 509853
513210 513355
514642 516218
516737 516851
517208 518193
518709 519770
523205 523458
524282 524865
526927 527481
530665 530881
531787 532393
532716 532915
533635 534634
539807 540518
541161 541499
542808 543656
544380 545741
548670 549231
553286 553627
555135 556119
556939 557077
557989 558563
559783 559993
561802 564210
565570 568326
570142 574445
575289 577232
579658 579875
583969 584493
587484 589120
590772 593312
594311 595420
600187 601674
602945 604180
605116 605466
605991 606072
607232 608809
609407 610196
611012 611347
612973 613197
615273 615392
615923 616978
619993 620671
624546 625549
627993 629555
630184 630770
632944 633198
633842 634256
638161 638324
640070 640211
640759 642117
643185 643415
644851 645368
646075 646133
646870 647700
653701 654569
656079 658062
661228 661463
662039 662543
663921 664092
665110 665225
665829 666565
668217 668801
671049 671556
672420 673034
674470 675231
676130 676236
682171 682762
683982 684146
684560 684974
685928 685995
686973 687298
687958 688084
688900 689479
690329 690384
694241 694553
695878 696182
697227 697541
698772 699202
700376 701814
702470 703676
704716 705799
706386 706468
708158 708433
709195 709436
710056 710903
711688 712073
715973 716607
717394 718349
718841 718952
719018 723604
723834 724286
726444 726664
727273 727337
728206 728349
729583 730352
731390 737898
738410 741410
743150 743274
743927 744206
746401 746830
747611 747762
748305 748630
749230 749588
750135 750230
752662 753029
753937 755136
756129 756471
757341 757736
758345 759370
760265 760670
761212 761462
763436 764289
765466 772678
774414 775251
775756 775851
776419 777018
778451 779203
781596 782628
785052 785851
786639 787669
790070 790991
791156 792182
794114 794762
795195 795915
798813 799578
801024 801201
804671 805266
805538 809456
812724 813530
814123 814603
815446 815741
816281 816334
817621 817848
818956 819413
821575 822835
825317 825791
830115 830214
832636 834004
834993 835452
836147 837272
837864 838298
838827 839692
840801 841146
843960 844404
847187 847982
848503 849797
850986 851170
852080 852365
853108 853772
854517 855011
855709 855896
856604 857401
858256 858926
861464 863935
864460 865149
865293 866223
866829 867014
867657 867922
870240 871177
872120 873294
874561 876226
876884 883166
884184 884510
888263 889235
889787 892598
894257 894882
895650 896100
898147 898204
899141 899615
901789 902128
903472 903734
904650 905777
906679 908277
909039 909920
911342 911708
915000 916460
918121 919037
921602 921791
922799 922895
924370 925032
926700 927328
929776 929921
930582 931268
931957 932419
933507 933563
933972 934280
935786 935932
937973 938522
939125 939577
941296 942081
943010 943351
943956 944217
946214 946658
950653 950944
951671 952959
953589 953831
954673 955142
958201 958273
959461 959842
960731 961323
962767 963446
964624 965246
965796 966095
968381 968445
970873 972107
976854 977147
979438 980313
983392 983515
985066 985423
985998 986834
987768 988994
990192 991772
994112 995051
998761 998832
999640 1000114
1001503 1001845
1002888 1003524
1004311 1005383
1005892 1006240
1007685 1008092
1008632 1010179
1010793 1011196
1012262 1013099
1013683 1013977
1019504 1019818
1021438 1024515
1026040 1027931
1028713 1030760
1031382 1031690
1032292 1033457
1035891 1036099
1039328 1039522
1040257 1041595
1045101 1045337
1048044 1048658
1049249 1050632
1051259 1051415
1052149 1052556
1053157 1055642
1056442 1056937
1057919 1059558
1060188 1061333
1061889 1062124
1065814 1066345
1066876 1066993
1068844 1069127
1070064 1070506
1073976 1074080
1075205 1075977
1077578 1078059
1079079 1080126
1081021 1081321
1084408 1084826
1086315 1088442
1089104 1089298
1091653 1091895
1093520 1094238
1096145 1096289
1097011 1097623
1099257 1099508
1102386 1102759
1109684 1109860
1111417 1111799
1112722 1113104
1114378 1114842
1117421 1117821
1118679 1119083
1123028 1123101
1126937 1127956
1132020 1132212
1132874 1133237
1134809 1135053
1137106 1139550
1140107 1140655
1141192 1141760
1142908 1143354
1145078 1147426
1149204 1149892
1150853 1151078
1152072 1153222
1155487 1155553
1156807 1160547
1161571 1161706
1162325 1163040
1164980 1166811
1167064 1168345
1168869 1169266
1170217 1170317
1171313 1171495
1172831 1173108
1173942 1174541
1175072 1175595
1176406 1177436
1178166 1178399
1180266 1181219
1182375 1185376
1185984 1188192
1188726 1189289
1191229 1191353
1191909 1192351
1193294 1193498
1195940 1196108
1199229 1200270
1201435 1201897
1206599 1224482
1228585 1229409
1230479 1230816
1231167 1231519
1234200 1234804
1236452 1236611
1237244 1237307
1237883 1238617
1238807 1238881
1239925 1240943
1242698 1242948
1244856 1245204
1246047 1246223
1248339 1250268
1251428 1253461
1254624 1255692
1257095 1257820
1258456 1258695
1261609 1262686
1270337 1270865
1272011 1272262
1276247 1276536
1277712 1277769
1281444 1282053
1282640 1282785
1285831 1286087
1288597 1288926
1289951 1290616
1291849 1293390
1294069 1294226
1295452 1295699
1297395 1297849
1298456 1300365
1303353 1303992
1304565 1305741
1306356 1307284
1309219 1309960
1315078 1315319
1315857 1316167
1318473 1319634
1326894 1327797
1329686 1330127
1330778 1331054
1331579 1331691
1334126 1337138
1337864 1338136
1339692 1339842
1340528 1340919
1341725 1342222
1343270 1344401
1347316 1347970
1350402 1351097
1353208 1353374
1353940 1354591
1356099 1356298
1356914 1358303
1359120 1360487
1363497 1364017
1365020 1365583
1368394 1370012
1370781 1370892
1371922 1372395
1372913 1380178
1380725 1381978
1385398 1385853
1386645 1387090
1387498 1387575
1388018 1388776
1389440 1389923
1390783 1390867
1392043 1392528
1396370 1396822
1397634 1397846
1399163 1399335
1400893 1401148
1403687 1406788
1409508 1409749
1411576 1412267
1415028 1419838
1430473 1431249
1432197 1432979
1433528 1435046
1439288 1439550
1443842 1444146
1446062 1446247
1448742 1449688
1457541 1457601
1460083 1460420
1462116 1462174
1462388 1462514
1463903 1464004
1466205 1467103
1470614 1471381
1472346 1472804
1475567 1476293
1476417 1476638
1477982 1478081
1478464 1478598
1479673 1480789
1483697 1484860
1486089 1486414
1489535 1490182
1490720 1490953
1492400 1492498
1493535 1493748
1496585 1496777
1497283 1497528
1498985 1501304
1501619 1503642
1510070 1510221
1511188 1511551
1515767 1516181
1518339 1518956
1521353 1521467
1527242 1527716
1529008 1530316
1533338 1534649
1538394 1538548
1541344 1541992
1546138 1546981
1550552 1551121
1555859 1557354
1558026 1558801
1559794 1563687
1564211 1564426
1564940 1565922
1567043 1567587
1568345 1568944
1569513 1569962
1573103 1573896
1575153 1575825
1586603 1588516
1590649 1592878
1594315 1594792
1596825 1597035
1598737 1601170
1603864 1604771
1605297 1606380
1606985 1608106
1609961 1610043
1619865 1620414
1625638 1626430
1627694 1628320
1628914 1630684
1631933 1632336
1635645 1635951
1637081 1638459
1639143 1640336
1644576 1648958
1650125 1650818
1651332 1655573
1656210 1660519
1661494 1662018
1662488 1662639
1665023 1665415
1665894 1666113
1667427 1670574
1671317 1672205
1673378 1673552
1674506 1674682
1676034 1676493
1677147 1677463
1677594 1677864
1678400 1678658
1680613 1681061
1681689 1681832
1688889 1689555
1694174 1694591
1695782 1696440
1698850 1699386
1702957 1703325
1703835 1704279
1706491 1706588
1707133 1712309
1714041 1714584
1715143 1717931
1718462 1719810
1720542 1721187
1721797 1722438
1722949 1723633
1724147 1727845
1732346 1732961
1734427 1735092
1736783 1736970
1738660 1739097
1740764 1741042
1741822 1744409
1747119 1747359
1750707 1752243
1754208 1756314
1761791 1762494
1763893 1764031
1764369 1764639
1766135 1766366
1768126 1773497
1774060 1776828
1777458 1786214
1787129 1791848
1798062 1798275
1801195 1801267
1801852 1802160
1804254 1804495
1808053 1808113
1810132 1811074
1814455 1815915
1816854 1817936
1820512 1822149
1825260 1825587
1830288 1830726
1833070 1833610
1834309 1835529
1836364 1836489
1840516 1841448
1842006 1842552
1843209 1844027
1845556 1846120
1848012 1848938
1854365 1855033
1856064 1856392
1857265 1857510
1858531 1858809
1865518 1866453
1866609 1867012
1867900 1869396
1870522 1871122
1871976 1872091
1873844 1874076
1876590 1876776
1877515 1878283
1883087 1883457
1883974 1884380
1885692 1885854
1887582 1887900
1889736 1890243
1892925 1893430
1894394 1894974
1902467 1903010
1903700 1903934
1905635 1905800
1907920 1908364
1913124 1913633
1918014 1918572
1924730 1925126
1927839 1928019
1929615 1930029
1932557 1933054
1933473 1933634
1935201 1935787
1937588 1937648
1938722 1939039
1941740 1942144
1943892 1944045
1948941 1949774
1951905 1954225
1954816 1955253
1956197 1958088
1958685 1959359
1959903 1961840
1962994 1963255
1964764 1965014
1967685 1973652
1975027 1975145
1979559 1980050
1981429 1981535
