NC_017452.1_Haemophilus_influenzae_R2846__complete_genome
6222 6307
26889 28292
33287 35157
163645 163918
186982 187453
196243 196484
239866 245285
251418 251560
259170 259324
278543 279383
324156 337351
341710 343618
373663 377480
406841 407495
420035 421042
511396 511591
512901 512993
522848 523026
530541 530971
540860 541320
555748 558936
568170 568300
568578 568688
569528 569597
571685 572478
665574 666473
677195 678171
694977 695068
733256 738326
760409 760815
770041 770444
824968 825558
830773 830900
833121 834071
841757 842414
852332 856580
878767 879272
938275 938992
946484 947930
948616 951935
952769 953968
955359 955799
982538 983590
984468 986860
1014602 1014817
1015516 1016824
1031815 1046385
1060694 1062720
1084772 1089090
1089694 1090498
1111264 1113897
1120791 1120899
1122399 1126157
1149419 1149741
1167551 1170624
1183797 1191287
1248465 1248628
1306410 1306533
1341835 1343065
1354825 1355059
1357040 1360029
1366136 1366483
1384872 1386342
1393883 1401011
1460686 1466395
1478039 1478143
1504879 1507386
1520816 1532504
1536033 1543711
1569370 1569580
1601753 1602134
1618386 1618563
1622980 1623036
1638379 1638529
1646747 1648000
1649197 1649579
1658845 1659017
1674458 1678694
1691178 1714095
1716030 1716504
1723063 1725619
1726751 1741103
1745262 1747140
1750718 1751521
1752658 1752841
1782429 1783244
1783537 1783622
1793745 1799665
1809688 1812740
