NC_017452.1_Haemophilus_influenzae_R2846__complete_genome
33287 35157
95462 95916
163645 163918
174003 174764
186827 187261
196243 196484
278809 279054
310685 311075
324150 337345
341551 344397
358652 358735
374114 377480
378123 378215
405302 407296
408765 410501
420032 421042
523572 523756
540849 541930
555748 558936
571684 572475
665804 669650
677195 678171
695026 695188
731253 737977
754380 754813
760409 760815
830773 830900
833121 834071
878771 879278
907580 907873
938275 938992
949920 951805
952769 953125
987932 990056
1033670 1033893
1059290 1062711
1120791 1125820
1149641 1149741
1167551 1170624
1183796 1184004
1191186 1191287
1226928 1227032
1306410 1306533
1317297 1317506
1341835 1343065
1356367 1361559
1384781 1397126
1397612 1397802
1400911 1401011
1536033 1543711
1618472 1622962
1638376 1638526
1674693 1676525
1678097 1678464
1694054 1697460
1716000 1716389
1727135 1727223
1737408 1737477
1750718 1754651
1782874 1782993
1793702 1796118
1799002 1801155
1809716 1812887
1818869 1819370
