NC_017452.1_Haemophilus_influenzae_R2846__complete_genome
26889 28292
31629 31684
33287 35157
92879 92983
163645 163918
186982 187453
196243 196484
239866 245285
251418 251560
259170 259324
278460 279466
297546 297920
324156 337351
341710 343618
374031 377563
407071 410890
420035 421042
481225 481299
496916 497015
511396 511591
512901 512993
523547 525124
526984 527160
530541 530971
540860 541320
555748 558936
564751 565243
568170 568300
568578 568688
569528 569597
571685 572478
665804 669893
677195 678171
694977 695068
721612 721698
731280 738326
760409 760815
770041 770444
824968 825558
830596 830900
833121 834071
841757 842414
852332 856580
865186 865500
878771 879278
938275 938992
946484 947930
948616 951935
952731 953968
955359 955799
982538 983590
984468 986860
1014602 1014817
1015516 1016824
1030871 1046385
1060694 1062720
1084772 1089090
1089694 1090498
1111264 1113897
1120791 1126157
1149419 1149741
1159984 1160097
1167532 1170605
1183797 1191287
1248465 1248628
1306410 1306533
1341835 1343065
1354825 1355059
1357040 1360029
1366136 1366483
1384872 1386342
1393883 1401011
1460686 1466395
1478039 1478143
1504879 1507386
1520816 1532504
1536033 1543711
1569370 1569580
1601753 1602134
1618386 1618563
1622980 1623036
1638379 1638529
1646747 1648000
1649197 1649579
1658845 1659017
1674320 1676494
1677795 1678464
1691178 1714095
1716030 1716504
1723063 1725619
1726751 1741103
1745262 1747140
1750718 1751533
1752658 1752841
1774419 1774516
1782429 1783244
1793745 1801262
1809333 1812740
