NC_017452.1_Haemophilus_influenzae_R2846__complete_genome
33287 35157
92880 92983
95462 95916
163645 163918
174003 174764
186827 187261
196243 196484
278460 279517
297546 297920
310685 311075
324150 337345
341551 344397
358652 358735
373807 377563
378123 378215
408765 410890
420032 421042
481225 481335
521273 523503
526753 527160
540849 541930
555748 558936
564928 565243
571684 572475
663984 669893
677195 678171
695026 695188
731253 738047
754380 754813
760409 760815
830773 830900
833121 834071
859388 859570
865313 865446
878771 879278
907580 907873
938275 938992
949920 951805
952769 953125
984910 984961
987849 990056
1030896 1033543
1039845 1040004
1060685 1062711
1120791 1125820
1149641 1149741
1159984 1160097
1167532 1170605
1183796 1184004
1191186 1191287
1226928 1227032
1306410 1306533
1317297 1317506
1341835 1343065
1356367 1361559
1384781 1397126
1397612 1397802
1400911 1401011
1536033 1543711
1618472 1622962
1638376 1638526
1674320 1676525
1680213 1680332
1690107 1697454
1715991 1716380
1722438 1722979
1727135 1727223
1737422 1737491
1750718 1751532
1752283 1754651
1774419 1774516
1782874 1782993
1793702 1799435
1809288 1812883
