NC_017452.1_Haemophilus_influenzae_R2846__complete_genome
33287 35157
95462 95916
163645 163918
174003 174764
186827 187261
196243 196484
278493 279433
310685 311075
324150 337345
341551 344397
358652 358735
374064 377530
378123 378215
405252 410551
420032 421042
481258 481335
521306 521443
526753 526995
540849 541930
555748 558936
571684 572475
665804 669701
677195 678171
695026 695188
731253 738012
754380 754813
760409 760815
830773 830900
833121 834071
878771 879278
907580 907873
938275 938992
949920 951805
952769 953125
1030929 1031818
1060685 1062711
1120791 1120899
1123252 1125820
1149641 1149741
1167532 1170605
1183796 1184004
1191186 1191287
1226928 1227032
1306410 1306533
1317297 1317506
1341835 1343065
1356367 1361559
1384781 1397126
1397612 1397802
1400911 1401011
1536033 1543711
1618472 1622962
1638376 1638526
1674643 1678464
1690145 1697454
1715991 1716380
1722471 1722946
1727135 1727223
1737422 1737491
1750718 1751528
1751618 1753983
1754529 1754651
1782874 1782993
1793702 1801205
1810559 1812246
1812733 1812887
1818869 1819370
