NC_017452.1_Haemophilus_influenzae_R2846__complete_genome
9482 10342
26885 31605
33287 35157
37139 46596
90860 95916
103826 145174
155983 187261
213404 213526
217183 217274
220510 221844
239863 245282
248348 250907
278493 279457
319322 337273
343285 344458
358652 358735
362036 363377
374774 374881
375504 375621
377381 377472
385980 386772
407071 408145
408768 408885
410645 410736
410871 429937
437619 437681
458903 459093
467776 467828
496741 502190
507988 521311
524290 533606
533885 546255
555555 555737
568173 568708
573472 596690
600705 605371
607170 628008
651631 651774
657415 663930
664014 666231
667016 667123
667746 670022
674141 689040
695028 695188
706545 721639
729199 738396
754586 773062
774612 774911
788941 810285
810501 834948
841539 842416
842843 893855
912195 921355
928835 940111
940679 956162
965823 965898
982520 983590
984425 984865
984960 996097
1000703 1000760
1009287 1019048
1030799 1031470
1031807 1046406
1061979 1089818
1089951 1090857
1091371 1091815
1092068 1113851
1122004 1133101
1149549 1159936
1167531 1170604
1180718 1180896
1183782 1184055
1191186 1214401
1225264 1225648
1228350 1238478
1248465 1248628
1275730 1276236
1317297 1326834
1340814 1349635
1357037 1359922
1380343 1380447
1384781 1397802
1435719 1501359
1504879 1505943
1507212 1507360
1520823 1554119
1563626 1563675
1564872 1583142
1612087 1613250
1618384 1626403
1632720 1638629
1645234 1678464
1694054 1712020
1714001 1714095
1716125 1722522
1726751 1740434
1745262 1754525
1759053 1770360
1782429 1783244
1793745 1813238
1815304 1819370
