NC_017452.1_Haemophilus_influenzae_R2846__complete_genome
33287 35157
95462 95916
163645 163918
174003 174764
186827 187261
196243 196484
278515 279362
310685 311075
324150 337345
341551 344397
358652 358735
374083 377508
378123 378215
405274 410529
420032 421042
481280 481335
523572 523756
540849 541930
555748 558936
571684 572475
665804 669679
677195 678171
695026 695188
731253 736938
754380 754813
760409 760815
830773 830900
833121 834071
878771 879278
907580 907873
938275 938992
949920 951805
952769 953125
987904 990056
1033642 1033921
1060685 1062711
1120791 1120899
1123252 1125820
1149641 1149741
1167551 1170624
1183796 1184004
1191186 1191287
1226928 1227032
1306410 1306533
1317297 1317506
1341835 1343065
1356367 1361559
1384781 1397126
1397612 1397802
1400911 1401011
1536033 1543711
1618472 1622962
1638376 1638526
1674662 1676525
1678069 1678464
1690107 1697454
1715991 1716380
1727135 1727223
1737422 1737491
1740620 1740964
1750718 1751453
1752116 1753961
1754529 1754651
1782874 1782993
1793702 1796118
1799002 1801183
1809716 1812222
1812733 1812887
1818869 1819370
