NC_007146.2_Haemophilus_influenzae_86-028NP__complete_genome
4401 4544
52173 84069
87153 87744
88564 89099
92194 148600
158668 159075
160223 160405
169702 185717
185984 189244
189336 193160
200398 214523
214609 219968
248882 248934
257612 257802
279043 279105
286850 311463
320114 324636
333879 340364
340494 365841
390074 390422
403330 423429
423931 426550
447523 448835
452071 452165
455943 456443
482433 495135
505230 513222
523576 544267
544382 551546
560212 568306
576216 579081
579805 581152
625484 634921
636898 637063
643132 644956
652072 664302
678788 678980
680723 680842
681465 681572
682356 684431
692488 700594
702628 703876
710850 711545
719893 724588
730073 730789
735197 738431
742744 744628
750905 755762
794394 794714
808364 811464
811550 820428
838955 839206
841934 842041
842664 842783
844526 844718
844865 872230
878837 884587
890903 891047
909092 910254
938806 956875
958072 978312
1000403 1002147
1005763 1005924
1028971 1043734
1067826 1068572
1086079 1092811
1106087 1110285
1113011 1119198
1123559 1123866
1142982 1146912
1153693 1162529
1176515 1176804
1185903 1186112
1227174 1227680
1254805 1254968
1264904 1268570
1273436 1275027
1277728 1278112
1288981 1292832
1312098 1312198
1319356 1319528
1322421 1322599
1340306 1351236
1367549 1389776
1400499 1458851
1459070 1459299
1460032 1501610
1502048 1502719
1514470 1522918
1531445 1531502
1536111 1547836
1548671 1549741
1566389 1566445
1568028 1574930
1576102 1615394
1632002 1634020
1652397 1692287
1692587 1697315
1702294 1702596
1703023 1716092
1717992 1720208
1722769 1728831
1735414 1758658
1758874 1780668
1794444 1794743
1796277 1799394
1830121 1838945
1846770 1861773
1873132 1874337
1879016 1896515
1900634 1901066
1902809 1902928
1903551 1903658
1904443 1913250
