NC_007146.2_Haemophilus_influenzae_86-028NP__complete_genome
48951 50375
88584 88694
88972 89102
92194 148600
154761 160212
188362 193390
295682 296636
309260 309913
320959 321221
339089 341732
350829 365841
390096 390668
403313 409103
455820 456431
544042 547273
636898 637063
643838 644955
652072 654777
667477 667562
678767 682921
693003 695900
710471 711545
723021 723670
724374 724588
735197 739166
742744 744628
755344 755851
764729 767994
781867 791965
794093 794703
807168 811168
840492 841232
844630 844746
1086079 1110149
1117512 1118811
1123547 1124362
1138223 1138570
1142982 1146912
1160842 1161682
1196876 1196999
1254805 1254968
1312098 1312198
1372047 1378601
1380232 1380346
1387143 1389776
1408248 1409944
1410400 1412565
1415919 1424798
1425850 1431045
1431277 1435266
1446296 1446382
1447100 1447994
1453327 1454254
1457498 1457604
1547474 1549723
1584640 1584810
1688980 1694086
1830149 1836891
1904916 1905094
