NC_007146.2_Haemophilus_influenzae_86-028NP__complete_genome
48951 50375
88584 88694
88972 89102
92029 148752
154761 160212
188362 191436
192737 193160
219643 219885
235410 235484
295682 296636
305767 306021
307881 311484
320959 321221
339089 341732
350829 365841
371563 371937
390015 390751
403313 409103
455820 456431
544042 547273
636898 637063
643202 643257
643838 644955
652072 654777
678684 682314
684544 684604
692673 695900
710850 711545
719455 719900
723021 723670
724374 724588
735197 739166
742744 744628
755344 755851
764729 767994
781867 791965
794093 794703
807622 811251
840722 844884
1086079 1110149
1117512 1118811
1123547 1124362
1138223 1138570
1142982 1146912
1160842 1161682
1196876 1196999
1254805 1264944
1312098 1312198
1340145 1340258
1372002 1378897
1380232 1380346
1387143 1389776
1408265 1409944
1410400 1412565
1415919 1424798
1425850 1431045
1431277 1435266
1446296 1446382
1447100 1447994
1453327 1454254
1457498 1457621
1461598 1463633
1501663 1502048
1547474 1549723
1584640 1584810
1585484 1585821
1593340 1593396
1679034 1679586
1680125 1680443
1688980 1694086
1709377 1709827
1739070 1739144
1830149 1836891
1846446 1846699
1874192 1874300
1900763 1904864
