NC_007146.2_Haemophilus_influenzae_86-028NP__complete_genome
88584 88694
88972 89102
92029 148752
188362 189602
194477 194966
206139 206351
305821 305883
309503 311484
340401 342005
371563 371937
389981 390723
403313 409103
473278 473360
544309 547274
636991 638153
643202 643257
643838 644955
652072 654777
678676 684604
723021 723670
724374 724588
735197 739047
739172 744628
748875 749058
755760 755850
767542 767725
791967 795776
805579 811251
838904 839405
844526 844829
1028971 1029090
1086079 1092811
1106083 1124201
1142982 1143417
1145059 1146912
1312098 1312202
1319361 1319496
1340145 1340258
1371956 1378890
1379037 1389828
1410168 1410323
1412343 1412532
1415683 1416361
1418023 1418806
1420275 1420451
1422600 1424798
1425850 1429303
1429940 1430247
1430359 1430568
1431322 1453515
1453942 1454254
1455302 1456425
1459520 1459955
1461598 1463633
1501663 1502140
1547571 1547793
1580156 1580854
1584875 1585606
1586832 1587402
1679083 1679494
1680098 1680443
1708280 1709777
1715587 1717906
1739060 1739144
1830149 1834391
1846385 1846552
1874192 1874300
1900763 1906690
