NC_007146.2_Haemophilus_influenzae_86-028NP__complete_genome
88584 88694
88972 89102
92194 148600
188362 189894
194477 194933
206172 206318
309429 311451
340401 342005
371596 371775
390014 390690
403313 409103
473278 473327
544545 545681
636991 638153
643838 644955
652072 654777
679349 684571
723021 723670
724374 724588
735197 744628
791967 794690
805612 811218
839309 839405
1028971 1029090
1086079 1092811
1106083 1124030
1142982 1143417
1145059 1146912
1312098 1312202
1319361 1319496
1371956 1378848
1387143 1389776
1412343 1412532
1415737 1416358
1418023 1418806
1422600 1424798
1425850 1429303
1429940 1430247
1430359 1430568
1431322 1453515
1453976 1454254
1461772 1463600
1501855 1502515
1547571 1547793
1584908 1584964
1679163 1679461
1708365 1709231
1715587 1717906
1830149 1834391
1846385 1846552
1900796 1906657
