NC_007146.2_Haemophilus_influenzae_86-028NP__complete_genome
48951 50375
88584 88694
88972 89102
92247 148719
154761 160212
188362 189244
192737 194933
214500 219599
295682 296636
305896 311451
320959 321221
339089 341732
350829 365841
371596 371775
390048 390718
403313 409103
455820 456431
544042 547273
636898 637063
643838 644955
652072 654777
678717 682281
682829 684571
693003 695900
710850 711545
723021 723670
724374 724588
735197 739166
742744 744628
755344 755851
764729 767994
781867 791965
794093 794703
807345 811218
838937 841147
844630 844796
1086079 1110149
1117512 1118811
1123547 1124362
1138223 1138570
1142982 1146912
1160842 1161682
1196876 1196999
1254805 1254968
1312098 1312198
1372020 1378869
1380232 1380346
1387143 1389776
1408265 1409944
1410400 1412565
1415919 1424798
1425850 1431045
1431277 1435266
1446296 1446382
1447100 1447994
1453327 1454254
1457498 1457621
1463362 1463600
1501856 1502611
1547474 1549723
1584640 1584810
1688980 1694086
1830149 1836891
1904201 1904917
