NC_007146.2_Haemophilus_influenzae_86-028NP__complete_genome
88584 88694
88972 89102
92194 148600
188362 194828
309429 311429
340401 342005
390503 390795
403313 409103
448058 448416
544313 545681
636991 638153
643838 644955
652072 654777
679371 684549
723021 723670
724374 724588
735197 744628
791967 795738
805634 805781
810664 811196
1028971 1029090
1086079 1092811
1106083 1124030
1142982 1143417
1145059 1146912
1312098 1312202
1319361 1319496
1371956 1378834
1387143 1389776
1412343 1412532
1416269 1416403
1418023 1418806
1422600 1424798
1425850 1427657
1427904 1429303
1429940 1430247
1430359 1430568
1431322 1454254
1462128 1463083
1501877 1502493
1547571 1547793
1679185 1679439
1708387 1709209
1715587 1717906
1830149 1834391
1846385 1846552
1900818 1906635
