NC_009566.1_Haemophilus_influenzae_PittEE__complete_genome
1 6750
8163 11140
18098 30503
30896 31377
39265 40672
40977 52955
53466 55041
55666 59146
64563 103296
103942 104695
116179 117476
118898 119638
121214 121555
122077 122602
123131 124272
132941 134213
134723 141273
146162 156361
156876 157451
168260 175377
175916 176200
199508 199757
225709 226210
229985 234631
252627 258046
261027 263638
271393 276253
346258 349336
349577 353551
366224 367565
376356 377869
377997 378177
378307 381932
382018 389880
390755 390841
411141 411323
412108 412215
414875 433912
441598 441660
460090 466502
474006 474058
482736 486418
507909 513179
513265 521873
522408 543860
544932 557304
566605 566787
579224 579512
584523 595361
595916 601590
602297 604361
605000 616512
618311 621036
621650 639154
662735 662846
668511 673066
673602 675133
675259 680911
681059 681132
685251 688487
701332 702761
707482 707644
719005 734170
741730 751500
767474 782632
782723 783214
783883 784599
787341 787640
801667 823109
823325 845615
846944 847157
853755 854047
854568 854632
855059 860410
861372 861977
862796 878721
878832 891284
891821 905567
940669 944730
945700 951450
951850 951940
952503 956368
956989 964682
965474 967931
969104 976009
977592 977667
994312 995382
996217 1007927
1012534 1012591
1021120 1024768
1025571 1026709
1027267 1030880
1042635 1043306
1043744 1044775
1060396 1086333
1086466 1087372
1088104 1088329
1088582 1097048
1107764 1130068
1146388 1146598
1146837 1157316
1164914 1167987
1178100 1178309
1181178 1188609
1207900 1210945
1211481 1211733
1222598 1224429
1225747 1235884
1299544 1299827
1307874 1307995
1318754 1328025
1329324 1333642
1343720 1360449
1360614 1361029
1379988 1383977
1384379 1396406
1396599 1397233
1435203 1443815
1444412 1463467
1463731 1464418
1465225 1465996
1500822 1500983
1504503 1505556
1506825 1506973
1520417 1526597
1527532 1547164
1557921 1568537
1569176 1573922
1574628 1576196
1610369 1619956
1627655 1627798
1634114 1634302
1635301 1640043
1646648 1651003
1660082 1660596
1675844 1681525
1692601 1692917
1717913 1718123
1719913 1726044
1736358 1743214
1748034 1773351
1785423 1787268
1796613 1803926
1812002 1813033
