NC_009566.1_Haemophilus_influenzae_PittEE__complete_genome
1 4500
10390 11137
30500 31377
39269 40672
107830 108044
175926 176200
208546 208787
225710 226329
252630 258049
264145 264284
271393 276839
346744 348555
362793 362923
376278 377639
378304 381635
409404 414810
424053 425019
460092 466502
485710 486418
492382 492507
522496 522691
524002 524096
532521 538117
541587 542017
551909 552369
579221 579754
580579 580648
583235 583529
607681 607830
676668 677323
707433 707524
743807 750578
750905 751173
773092 773498
782788 783191
837789 838379
853973 854630
864549 866960
867502 868788
923924 924057
950103 950820
958276 959620
959725 960305
960684 961288
961708 963194
963467 963546
964376 965727
967109 967548
994330 996579
1028568 1028665
1057673 1057728
1060494 1060806
1081179 1082152
1082697 1085605
1086209 1087013
1107764 1108931
1109546 1110401
1117309 1117417
1118673 1118774
1119447 1127578
1164934 1168007
1181155 1182808
1188504 1188609
1224332 1224429
1289027 1289180
1292397 1293016
1299544 1299827
1332290 1333677
1344567 1345443
1359383 1360464
1360628 1361029
1365443 1365790
1379651 1380032
1384379 1386093
1390437 1396406
1396599 1397233
1400373 1400470
1460169 1462515
1462846 1463257
1465691 1465877
1477653 1477755
1504503 1506999
1521021 1521129
1528498 1529286
1531021 1532814
1562417 1562631
1594801 1595182
1605136 1605237
1610373 1619956
1624375 1624431
1639792 1639942
1650626 1660437
1675893 1679333
1680014 1681621
1695378 1699987
1700686 1701361
1718008 1718123
1719941 1720027
1729267 1729375
1736358 1743883
1753491 1753695
1754010 1757581
1785423 1786118
1796613 1803924
1812211 1813033
