NC_009567.1_Haemophilus_influenzae_PittGG__complete_genome
990 1225
11431 14921
15701 15827
15903 16198
17241 21066
21404 21542
22941 23644
29120 31223
38070 38309
42005 44674
46341 46778
48468 48653
50344 51009
52475 53090
58677 58823
60342 60886
61644 62242
62811 63260
66408 67200
68457 69129
72547 74058
79889 80594
86102 86169
87606 88083
90118 90329
92031 93124
94405 94468
97163 97594
103288 103374
115184 123760
128962 129754
131002 131404
131957 133727
134973 135380
140522 141453
141721 142155
146395 148764
153242 153342
154037 154256
155329 155414
155935 158283
160632 161203
163378 165875
166346 166608
168467 168827
170409 170968
171951 172399
173027 173171
180224 180890
185489 185908
187099 187445
189855 190391
193963 194331
194841 195285
197516 198855
199444 200834
201506 202305
202434 203102
203414 204262
204821 205048
206361 208828
209475 210044
213615 214458
218604 219252
222049 222205
225954 230140
233324 233798
239573 239687
242084 242701
244859 245273
245996 246305
249492 249854
250821 250972
253636 253759
256086 263482
263988 264180
267017 267323
268312 268410
269857 270103
270642 271299
274420 274745
275974 277939
280084 281201
281554 281688
282071 282170
283515 284541
287304 287761
288726 288903
292412 293311
295512 295613
297002 297128
297342 297400
299095 301974
309833 310779
313275 313460
315376 315680
316842 317329
318322 321023
324626 326144
326693 327475
328422 329198
342586 343519
344567 346063
347189 347789
348643 348758
350508 350671
353182 353368
354107 354875
358588 362620
363179 363549
364066 364472
365783 365945
367673 367991
369830 370337
373026 373531
374495 375074
377024 378110
382571 383114
383803 384036
385729 385839
388021 388463
393223 393732
398109 398667
404825 405221
407933 408113
409709 410123
412047 412333
412752 412916
414480 415065
416865 416925
417999 418316
421019 421423
423171 423324
428222 429055
431185 433246
434410 434665
436174 436424
439096 444759
446135 446253
450667 451158
452536 452712
453519 453914
457075 457487
460096 460448
461566 461893
468983 469071
470565 470981
472587 474172
475094 475856
476481 477112
480261 482445
483014 485075
487975 488314
489353 490031
493600 493666
495102 495822
498050 499224
501353 511570
512304 512892
514955 515638
517850 518156
519125 519486
523556 524153
527054 527407
531113 531572
533217 533581
536815 537639
539500 539623
539932 540001
540223 541507
550135 550805
551272 551724
552327 553185
563831 567343
570373 570604
571303 571704
574137 574227
576371 578158
578322 582516
583155 584840
586272 586324
586841 587405
588041 588542
590358 590459
591298 591766
592914 593566
593867 594031
594549 596260
597493 597745
598895 603261
605470 605857
610697 610753
611345 615183
620257 620427
622459 623045
627283 628169
629994 630119
630239 630456
631953 632203
634126 634580
637213 637536
640174 641868
642446 642726
643571 644581
648848 648972
649666 649725
654890 655777
658134 659398
661749 662019
662842 663454
664390 665528
666533 666705
667425 667678
668953 670616
672616 672685
674237 674325
676086 676331
680121 680205
682051 682694
684907 686087
690280 690866
691054 692332
693055 693784
697462 698420
699033 705398
705960 706452
711053 711683
720378 720464
721871 723213
723897 724564
726647 726893
729399 729878
730586 730863
731741 736795
738733 739202
739425 750424
752057 752622
753448 754422
755176 766831
767293 767529
768726 768902
772347 773310
773869 777552
778258 778535
779046 780114
780785 781243
781593 781915
786941 787204
787759 787904
789308 789496
789880 789981
791581 792140
797637 798126
799668 799749
801550 801993
803099 803694
805406 806716
807266 807470
809306 809713
810967 813406
818349 818516
821337 822180
825909 827816
828394 829887
831205 831526
833061 833222
834243 834316
837591 837706
839705 841200
842562 843385
844011 844183
844893 845155
845948 846532
847330 848617
850376 851163
851733 851995
852536 852614
853135 853386
854211 854961
856539 858593
861007 861875
862710 864088
864907 866020
866727 866819
869634 870021
872589 872712
874112 876062
877489 877798
878484 878619
879710 882889
886565 887251
889987 890271
896041 896100
896834 897463
898326 898624
899614 904792
905024 907554
908060 919181
920350 924032
924221 924957
925648 925861
926544 926971
927607 928217
928462 931182
931708 932952
933645 933737
934772 935324
936268 936928
938027 939368
941828 941977
943260 949952
951127 951380
952204 952970
954854 955407
959712 959865
960044 960318
960641 960840
961562 962558
966788 968116
969587 970298
970940 971278
972588 973434
974158 975519
978449 979010
983065 983406
984914 985898
986718 988382
989482 989692
993684 993901
997995 998519
999223 1003577
1004893 1005707
1007359 1009881
1010880 1011988
1016786 1018272
1019543 1020778
1021714 1022064
1022589 1022670
1023831 1025409
1026007 1026797
1027613 1027948
1029574 1029798
1031874 1031993
1032524 1033580
1036123 1037269
1041145 1042147
1044589 1046194
1046794 1047380
1049554 1049805
1050452 1050866
1054770 1054933
1056679 1056820
1057368 1058726
1059795 1060025
1061461 1061978
1062685 1062743
1063480 1064310
1070309 1071177
1072687 1074481
1077820 1078055
1078631 1079135
1080513 1080684
1081702 1081817
1082423 1083225
1084807 1085394
1087642 1089613
1091060 1091820
1092720 1092826
1098780 1099371
1100613 1100913
1101325 1101737
1102691 1102758
1103736 1104068
1104721 1104847
1105663 1106242
1107092 1107147
1111014 1111332
1112657 1112961
1113591 1115983
1117155 1118593
1119242 1120449
1121488 1122257
1124651 1125402
1126847 1127445
1128015 1128110
1128615 1129452
1131189 1141166
1141788 1142557
1143791 1143935
1144802 1144868
1145477 1145697
1147287 1148292
1148537 1153826
1154860 1156427
1157213 1157846
1161745 1162202
1163414 1163760
1164380 1164621
1165383 1165658
1167349 1167431
1168018 1169404
1170733 1173844
1173955 1174717
1175820 1176618
1177406 1178436
1180838 1181892
1185855 1188221
1188813 1189462
1189895 1190617
1192121 1192241
1192818 1192947
1193499 1194280
1195892 1198566
1199171 1200250
1201094 1204391
1204512 1205361
1207329 1207829
1209478 1209772
1210311 1210364
1211651 1211878
1212987 1213981
1215605 1216866
1219579 1220480
1222729 1224242
1226665 1228163
1228858 1229982
1230574 1231008
1231546 1232411
1233520 1233865
1236679 1237123
1238825 1240708
1241236 1242529
1243718 1243902
1244812 1245097
1245842 1246503
1247246 1247740
1248438 1248625
1249333 1251742
1254279 1258341
1258947 1259972
1262288 1265988
1266553 1268218
1268876 1274733
1275243 1278233
1279974 1280098
1280751 1281030
1283228 1283650
1284432 1284583
1285126 1285451
1286051 1286409
1286955 1287050
1289483 1289849
1290757 1291954
1292958 1293300
1294173 1294569
1295178 1296203
1297098 1297503
1298045 1298295
1300275 1301123
1302301 1308512
1309530 1309856
1313609 1314581
1315133 1317943
1319601 1320226
1320994 1321444
1323837 1324685
1325269 1325737
1327907 1328246
1329590 1329852
1330768 1331895
1332797 1334771
1335536 1336417
1337838 1338203
1341494 1342954
1344616 1345544
1347072 1348298
1349306 1349370
1350845 1351507
1353169 1353797
1355099 1356394
1357055 1357741
1358430 1360754
1362260 1362406
1364447 1364996
1365599 1366051
1367771 1368556
1369484 1369825
1370430 1370691
1372688 1373132
1377124 1377415
1378142 1379430
1380060 1380302
1381144 1381613
1384671 1384743
1385732 1386324
1387767 1388443
1389621 1390243
1390793 1391092
1393378 1393442
1395870 1397105
1401068 1407708
1408423 1408546
1410099 1410456
1411031 1411866
1412799 1414024
1415221 1416801
1419138 1420082
1423790 1423861
1424669 1425142
1426532 1426874
1427916 1428555
1429342 1430413
1430922 1431270
1432710 1433119
1433659 1434383
1435126 1435191
1435805 1436208
1437274 1437533
1444516 1444830
1446638 1451246
1452771 1454698
1455480 1457530
1458152 1458459
1459060 1461085
1462697 1462905
1466133 1466327
1467062 1468398
1471902 1472138
1474934 1475548
1476139 1477523
1478151 1478307
1479041 1479448
1480049 1482533
1483331 1483826
1484808 1486448
1487090 1488235
1488791 1489026
1492715 1493246
1493777 1493894
1495186 1496029
1496965 1497407
1500884 1500988
1502113 1502885
1504486 1504967
1505987 1507034
1507930 1508230
1511317 1511735
1513294 1513488
1515223 1515311
1515698 1515940
1517562 1518789
1520172 1520316
1521038 1521650
1523284 1523535
1526410 1526783
1533707 1533883
1535441 1535823
1536746 1537128
1538403 1538870
1541446 1541846
1542704 1543109
1547054 1547127
1550963 1551293
1556047 1556239
1556901 1557264
1558835 1559080
1561133 1561260
1561683 1562231
1562768 1563336
1564095 1564347
1566071 1568420
1570198 1573618
1574099 1574835
1576471 1576537
1577198 1582357
1583382 1583517
1584136 1584917
1586850 1591142
1592093 1592193
1593189 1593371
1594706 1595128
1595962 1596561
1597092 1597615
1598426 1599456
1600186 1600425
1602286 1603238
1604393 1611536
1615777 1616603
1617673 1618010
1620673 1621404
1622453 1622854
1629922 1630526
1632510 1633560
1637984 1638058
1638715 1640120
1641874 1642124
1644030 1644378
1645220 1645399
1647512 1650084
1650626 1652728
1653907 1654975
1656380 1657105
1657741 1657980
1660894 1661971
1669622 1670150
1671296 1671547
1675539 1675828
1677005 1677062
1680736 1681345
1681932 1682077
1685123 1685378
1687817 1688191
1689216 1689881
1691112 1692653
1693332 1693489
1694714 1694961
1696657 1697111
1697718 1699627
1702671 1703310
1703883 1705059
1705674 1706679
1708537 1709278
1714393 1714634
1715172 1715482
1717788 1718950
1726216 1727120
1729009 1729450
1730108 1730377
1730902 1731014
1733451 1733729
1736380 1736462
1737188 1737460
1739017 1739167
1739852 1740243
1741062 1741559
1742604 1743735
1746649 1747267
1749699 1750394
1752504 1752670
1753236 1754503
1755135 1755596
1756212 1757600
1758423 1760277
1763343 1765381
1768195 1768582
1769549 1769679
1770447 1770558
1772586 1774745
1777628 1779850
1780397 1781649
1785067 1785522
1786315 1786760
1787805 1787889
1789065 1789550
1793390 1793842
1794654 1794866
1796183 1796355
1797916 1798171
1800709 1803811
1805321 1807181
1808599 1809290
1812057 1814936
1815121 1815538
1816654 1816919
1820876 1821154
1822175 1822420
1823294 1823622
1824654 1825323
1830748 1831675
1833567 1834131
1838218 1838505
1842531 1842775
1843598 1844818
1845518 1846159
1846600 1853389
1860915 1861242
1864353 1865990
1868563 1869647
1869724 1872051
1872546 1874405
1875388 1876331
1878350 1878410
1881969 1882210
1884304 1884613
1885191 1885263
