NC_017451.1_Haemophilus_influenzae_R2866__complete_genome
9480 10339
26879 28303
33252 33309
35321 41269
46706 48706
64432 64595
85658 87004
90301 90737
98647 115410
119678 123039
126092 142333
153143 161080
215654 215753
218992 220324
241283 243983
244083 264507
277284 277468
300773 334446
343688 343772
347073 348414
357064 357326
358842 380687
388369 388432
409713 409892
418582 418634
432264 432314
449982 479791
483014 486346
486624 489342
493829 502735
511979 512161
513309 513715
523773 608327
611491 612026
615996 618444
645777 650443
652242 653989
654106 673085
696695 696812
702475 716129
720183 720296
723756 741315
746036 746198
757558 757654
767842 772423
811142 814672
830301 851750
851966 866610
873509 875131
881742 882619
883046 906699
918449 929222
937752 937809
942417 954111
973335 973409
974992 977178
982652 1018202
1025789 1034870
1053267 1067911
1081124 1082160
1095163 1122457
1123674 1174463
1174567 1185586
1203292 1206679
1233234 1237094
1247959 1248342
1251044 1261170
1298224 1298626
1332771 1332892
1343649 1343862
1352970 1358412
1368511 1377032
1386007 1388242
1401349 1401430
1402157 1402208
1405158 1405323
1416331 1416435
1420772 1433980
1471897 1497112
1534194 1534336
1552789 1586757
1596336 1596385
1602287 1615849
1644783 1645945
1664094 1664238
1670552 1671532
1671630 1676346
1682952 1684534
1685611 1685737
1694816 1715864
1734510 1735299
1743357 1749232
1751793 1772967
1773245 1775543
1776042 1781682
1792642 1794686
1798989 1821657
1835880 1840700
1846980 1848858
1852434 1861231
1866803 1871161
1875933 1876451
1888520 1890366
1900522 1905984
1911722 1916859
1920367 1924535
1924800 1932306
