NC_017451.1_Haemophilus_influenzae_R2866__complete_genome
1 94
1306 1652
2272 2512
3274 3549
5239 5321
5906 9237
9890 11328
12504 12935
14165 14479
15524 15828
17153 17466
21334 21389
22239 22818
23634 23760
24413 24743
25723 28304
29353 31594
33252 33309
33887 33993
34892 35653
37089 39656
40056 40792
41402 41517
42535 42706
44085 44589
45165 45400
48566 50549
52059 52927
58926 59756
60494 60552
61259 61776
63212 63442
64432 65905
66453 66594
68340 68503
72407 72821
73467 73718
75891 76477
77104 78668
81112 82115
85990 86669
88925 89179
89682 90737
91268 91387
93463 93687
95313 95648
96464 97253
97851 99428
100588 100669
101194 101544
102480 103715
104986 106471
111269 112377
113376 116231
116754 122005
124522 125046
129000 129217
133204 133420
134638 135212
136120 136258
137078 138062
139570 139911
143966 144527
147457 148818
149542 150390
151700 152038
152681 153392
158565 159562
160284 160483
160806 161080
161259 161412
165727 166281
168346 168929
169753 170006
172695 173071
173441 175992
176346 176462
176981 178558
179841 179990
181478 185552
186495 187047
188081 188173
188866 190109
190635 193314
193880 194190
194826 195253
195936 196149
196383 196501
197592 197727
198413 198722
200150 202100
203500 203623
209395 209487
210194 212598
217951 219194
219307 220948
222526 223276
224102 224353
224874 224952
225493 225755
226325 227111
228876 230157
230955 231539
232332 232594
234829 234927
237784 239898
243172 243245
244265 244541
245964 246285
248041 249822
250401 251504
255888 256731
258729 264524
265347 265514
270458 270934
271888 272739
274148 274555
276389 276593
277143 278151
279863 280458
281563 282006
283807 283888
285428 285917
289436 289756
291413 291974
292498 293677
295651 295796
296349 296612
301648 303125
303797 304865
305377 305654
306360 308942
309325 310077
310636 311589
314696 315814
315921 316050
317188 317458
318247 319277
320103 320668
322522 322991
323828 329996
330875 331152
331860 332340
334846 335092
337175 337842
338525 339870
341276 341362
350247 350877
355477 355970
356532 362791
363404 364364
369507 371830
376138 377318
379527 380243
382011 382095
385885 386130
387890 387978
389528 389597
392898 393312
394587 394840
395560 395732
396737 398086
398754 399423
400246 400516
402870 404135
405777 406499
412550 412609
413302 413420
417688 418692
419537 419817
420395 422089
424725 425050
427682 428597
430074 430324
431822 432055
432157 432282
434107 434992
439228 439817
441849 442019
447093 452405
457089 457476
459685 464057
465207 465459
466690 468400
468918 469082
469383 469942
471090 471558
474211 474712
475348 475912
476429 476481
477914 483969
484135 484401
484950 485918
488052 488145
490579 490979
491678 491909
495551 498909
510711 511569
512172 512624
513368 513451
514074 518244
523712 608327
611488 612624
612846 612915
613224 613347
615208 615793
616420 617606
621669 622033
623678 624136
627841 628194
631096 631693
632777 633273
633807 634737
635765 636126
637095 640295
644981 645139
649289 649436
651888 652660
654788 655965
658193 658913
660349 660415
663984 664662
665701 666040
668940 671001
671570 673628
676779 677412
678035 678797
679719 681302
682895 684430
689986 690643
691985 692312
693430 693782
696391 696803
699964 700358
701165 701341
702720 703211
707625 707745
709120 710854
711481 716129
718713 718963
720472 721282
721887 727034
729165 729998
734896 735049
736797 737202
739902 740219
743254 743840
745407 745568
745987 746078
748361 748775
750371 750551
753264 753660
758028 760377
761174 761684
763788 767876
769972 770333
772519 772797
774490 774724
775414 775956
783450 784032
784994 785499
788181 788688
790527 790845
792573 792735
794047 794453
794970 795340
800142 800910
801649 801835
804348 804580
806333 806448
807302 807902
809029 810525
811418 811819
811975 812910
826033 826809
827758 828540
829089 830613
834867 835129
839431 839735
841650 841835
844331 845277
853142 853202
855683 856020
858114 859729
861931 866518
867483 867941
870704 871562
873116 873215
873599 873683
876121 877286
878510 878838
881960 882617
883156 883399
884849 884947
885984 886197
889034 895224
896749 896875
898937 899059
901723 901874
902841 903204
906391 906699
907422 907836
909994 910610
913007 913121
918898 919372
923578 927085
930845 931004
933795 934443
938589 939432
943463 944032
944678 947144
948457 948684
949243 950091
950405 951073
951200 952012
952684 956063
956608 956705
958917 959426
959937 960305
963873 964409
966819 967165
968356 968773
973380 974046
980685 980828
981456 981904
982807 984684
986540 986802
989542 989825
997008 997240
998552 998773
1008007 1008439
1008709 1010664
1013971 1014373
1017986 1018535
1019784 1020576
1025828 1026363
1036184 1036266
1038125 1039757
1041980 1042411
1045105 1047542
1049244 1049454
1051486 1051963
1053400 1053467
1055594 1057036
1057761 1059679
1060912 1063417
1070508 1071180
1072437 1073230
1076475 1076924
1077493 1078092
1078850 1079394
1080912 1081054
1086638 1087253
1088719 1089384
1091075 1091260
1092950 1093387
1095054 1095288
1096068 1098241
1101356 1101595
1104943 1110551
1114435 1115190
1116027 1116928
1117623 1118272
1118868 1119508
1120039 1120199
1122468 1122767
1123496 1123927
1132955 1133190
1136110 1136182
1136767 1137075
1139170 1139411
1142969 1143029
1145049 1145535
1149365 1151693
1151770 1152852
1155427 1157064
1160175 1160502
1168010 1174573
1175317 1175731
1176430 1177650
1178473 1178717
1182731 1183019
1184769 1185351
1187118 1187682
1189574 1190500
1195925 1196594
1197625 1197953
1198826 1199071
1200092 1202374
1204326 1204591
1205305 1206674
1207154 1209852
1212092 1212782
1214609 1214850
1217568 1218043
1220267 1220671
1223209 1223464
1225023 1225195
1226512 1226724
1227536 1227988
1231832 1232315
1233492 1233576
1234621 1235067
1235859 1236314
1239734 1248729
1250756 1250867
1251635 1251765
1252732 1253119
1255933 1256497
1261063 1262424
1265320 1265435
1270437 1271132
1273564 1274185
1277097 1278228
1279273 1279770
1280576 1280967
1281653 1281803
1283360 1283632
1284358 1284440
1287090 1287368
1289805 1289917
1290442 1290718
1291369 1291810
1293699 1294603
1301741 1302902
1305208 1305518
1306052 1306297
1311416 1312157
1314015 1315020
1315635 1316811
1317384 1318023
1321067 1322976
1323582 1324036
1325732 1325979
1327204 1327361
1328040 1329581
1330264 1331469
1332494 1332824
1335334 1335589
1338632 1338777
1339364 1339973
1343648 1343705
1344882 1345171
1349165 1349416
1350562 1351090
1355428 1358412
1360010 1361087
1364002 1364241
1364877 1365602
1367005 1368073
1369302 1374318
1376434 1376610
1377454 1377802
1379709 1379959
1381714 1382732
1383776 1383850
1388725 1389082
1391030 1391634
1393898 1394661
1395012 1395349
1396419 1397243
1401349 1401430
1401770 1403455
1404063 1407064
1408220 1409173
1411040 1411273
1412003 1413033
1413844 1414369
1414898 1415497
1416397 1416665
1418001 1418183
1419180 1419280
1420234 1422685
1426462 1427248
1427862 1427997
1429606 1433970
1434137 1436451
1437080 1441081
1442859 1445204
1446928 1447374
1448523 1449091
1449628 1450176
1450600 1450728
1452781 1453026
1454598 1454961
1455623 1455815
1459882 1460902
1464735 1464808
1468754 1469158
1470016 1470416
1472996 1473460
1474735 1477464
1477976 1478152
1485077 1485455
1487554 1487670
1488331 1488582
1490217 1490829
1491551 1491695
1493603 1494321
1495942 1496184
1497390 1499076
1500290 1502818
1503797 1504100
1504609 1506042
1507062 1507543
1509144 1509916
1511041 1511441
1514603 1515045
1515981 1516824
1518116 1518233
1518764 1519295
1522985 1523220
1523776 1524221
1525439 1527193
1528175 1528670
1529469 1531954
1532555 1532962
1533696 1533852
1534478 1535863
1536454 1537068
1539775 1540011
1543522 1544859
1545596 1545788
1549017 1549225
1551659 1552824
1553342 1553734
1554356 1556412
1557194 1559091
1560616 1566421
1568016 1576191
1581500 1581759
1582825 1583228
1583842 1585389
1585929 1586336
1587778 1588126
1588635 1589707
1590494 1592580
1593966 1594443
1595251 1595322
1597582 1600180
1602516 1604096
1605294 1606520
1607454 1608290
1608865 1609222
1610773 1610896
1613975 1614850
1617141 1617434
1622181 1623415
1625843 1625907
1628193 1628492
1629042 1629664
1630842 1631521
1632965 1633557
1634446 1634827
1636015 1636087
1639146 1639615
1640457 1640699
1641329 1642617
1643344 1643635
1647628 1648072
1650069 1650330
1650935 1651276
1652205 1652990
1654709 1655161
1655764 1656313
1658354 1659357
1660110 1660418
1660827 1660883
1661971 1662433
1663122 1663808
1664469 1664614
1667063 1667691
1669356 1670018
1671493 1671581
1672589 1672778
1675343 1676266
1677928 1679387
1682677 1683043
1684925 1691417
1693591 1694065
1696828 1697278
1698046 1698671
1700330 1703141
1703693 1704665
1708418 1708744
1709762 1716211
1717388 1718236
1720216 1720466
1721008 1721413
1722308 1723333
1723942 1724337
1725207 1725549
1726542 1727741
1728650 1729017
1731449 1731544
1732091 1732449
1733049 1733374
1733916 1734068
1734850 1735279
1737469 1737748
1738401 1738525
1740267 1748189
1751848 1755817
1759051 1760585
1761132 1772737
1773196 1775435
1775950 1781706
1782370 1784035
1785307 1786475
1787418 1788355
1790673 1790938
1791565 1791743
1792350 1796433
1798971 1799643
1800496 1801401
1801681 1803376
1804121 1804785
1805528 1805813
1806723 1806907
1808096 1808321
1809030 1814392
1814908 1815711
1818494 1818938
1821750 1822095
1823203 1824068
1824597 1825031
1825623 1826748
1827443 1828942
1831363 1831462
1835785 1836259
1838741 1840001
1841625 1842619
1843728 1843955
1845250 1845303
1845842 1846137
1846980 1847460
1848053 1850160
1852128 1852435
1852817 1856847
1860317 1861205
1862822 1863587
1866485 1873081
1873698 1876065
1879466 1881083
1883481 1884511
1885299 1886097
1888520 1889594
1891987 1892739
1894184 1894379
1895346 1895446
1895951 1897646
1898521 1900160
1900731 1907627
1908243 1909011
1910245 1910388
1911255 1911321
1911722 1917173
1918207 1918304
1918819 1919774
1920561 1921198
1922421 1932306
