NC_017451.1_Haemophilus_influenzae_R2866__complete_genome
26892 28304
37368 39656
48566 48706
64432 64595
87658 87803
119822 121561
160806 161080
171182 184603
210538 212016
244399 244541
258712 264507
301978 302324
326286 327510
347103 347568
357272 362510
369507 370673
371412 371830
432164 432289
447680 452401
459685 464057
479557 483101
497262 498348
523710 549574
549744 550949
551061 551415
551585 597225
597776 608327
611488 611618
611896 612006
612846 612915
615995 618436
709224 710682
711410 716129
723401 727041
745987 746078
772420 772755
811418 811819
871304 871562
881960 882617
891434 893707
923578 927085
953848 956705
990942 991085
991254 992504
993133 993385
997008 997240
1008007 1008141
1060912 1068059
1080025 1080095
1097824 1098241
1118868 1120624
1122468 1122767
1123675 1123927
1168010 1174573
1178472 1178578
1206421 1206602
1314160 1315732
1316338 1318150
1332771 1332892
1357196 1358457
1369606 1370086
1384730 1388242
1401349 1402353
1402882 1409173
1416331 1416435
1420871 1422487
1429811 1433042
1487554 1487670
1496880 1498734
1552789 1556186
1556855 1562847
1564209 1576191
1591769 1591833
1597581 1597783
1634436 1634817
1710848 1715939
1743357 1752727
1752974 1754878
1755187 1755817
1760185 1772738
1773196 1775543
1775991 1776104
1776528 1781619
1793482 1794164
1809175 1814185
1846980 1847076
1847837 1873081
1889359 1890366
1900825 1901331
1904415 1906310
1911722 1918304
1923751 1932306
