NC_017451.1_Haemophilus_influenzae_R2866__complete_genome
9480 10339
26879 28303
33252 33309
35321 41269
46706 48706
64432 64595
86196 87004
90301 90737
98647 99945
101367 102107
103683 104024
104546 105071
105600 115410
119678 123039
126092 141243
141758 142333
153143 160257
160796 161080
215654 215753
218992 220324
241283 243983
244083 264507
300773 330232
330356 334446
343688 343772
347073 348414
357203 358714
358842 380687
388369 388432
409713 409892
418582 418634
432264 432314
449982 466852
467416 477842
479609 479791
483014 486346
486624 488459
493829 502735
511979 512161
513309 513541
523702 555092
555284 603322
603859 608327
611491 611779
615996 618444
645777 650443
652242 653989
654106 654969
655583 673085
696695 696812
702475 707030
707566 716129
720183 720296
723756 741315
746036 746198
757558 757654
767842 772465
811142 811233
811353 811842
812748 813464
830301 851750
851966 866610
873509 873621
874918 875131
881742 882034
882555 882619
883046 888371
889286 906699
918449 920748
921306 929222
937752 937809
942417 954111
973335 973409
974992 977178
982652 982988
983599 992159
992925 997238
997554 997675
998508 1000228
1000873 1001937
1003202 1005119
1005740 1008693
1009220 1013817
1014782 1018202
1025789 1034870
1053267 1067066
1067603 1067911
1081124 1082160
1095163 1108763
1109400 1122457
1124235 1171448
1172047 1174463
1174567 1174775
1175014 1185586
1203292 1206679
1233234 1236310
1236846 1237094
1247959 1248342
1251044 1261170
1332771 1332892
1343649 1343862
1354230 1358412
1368511 1370763
1371362 1377032
1386007 1388242
1401349 1401430
1402157 1402208
1416331 1416435
1420772 1433980
1471897 1480522
1481119 1497112
1534194 1534336
1552789 1555236
1555865 1558927
1559862 1586757
1596336 1596385
1602287 1608190
1608829 1613575
1614281 1615849
1664094 1664238
1670552 1670740
1671747 1676346
1682952 1684534
1685611 1685737
1694816 1715863
1734510 1734603
1743357 1749232
1751793 1772967
1773245 1775543
1776042 1781543
1792642 1794686
1798989 1819370
1819887 1821657
1835880 1840700
1846980 1848858
1852434 1861231
1866803 1871161
1876191 1876451
1888520 1890365
1900782 1906234
1911722 1916859
1921611 1924535
1924800 1926128
1926712 1932306
