NC_017451.1_Haemophilus_influenzae_R2866__complete_genome
26892 33309
37368 39656
48566 48706
64432 64595
119678 122023
160806 161080
183959 184603
210538 212024
244399 244541
258712 264507
317178 317458
326646 328056
328260 329451
358612 362572
369507 370673
370811 371830
432164 432289
447680 447752
447859 452405
459685 460893
461470 464057
477972 479251
479915 483127
497262 498348
513309 513715
523773 608388
611488 611618
611896 612006
612846 612915
617118 617459
641585 641762
709121 710734
711407 716129
723401 727041
745987 746078
811418 811819
871304 873844
881960 882617
891434 896610
923578 927085
953753 954756
997008 997240
1008007 1008141
1060912 1061065
1097927 1098241
1118868 1119792
1122468 1122767
1123497 1123927
1168010 1174463
1178472 1178578
1206422 1206674
1313993 1314313
1317531 1317983
1357196 1358457
1369410 1370099
1382498 1382732
1394315 1394661
1401349 1401430
1408733 1409173
1420876 1437178
1487554 1487670
1496880 1498734
1511041 1511145
1553342 1553450
1560828 1561621
1563359 1564487
1568016 1576191
1591769 1591833
1597581 1597783
1634447 1634828
1660827 1660883
1713805 1715958
1743357 1755817
1760289 1760416
1761652 1772738
1773196 1775541
1775984 1781639
1794689 1795567
1809148 1814181
1823651 1824048
1835785 1836259
1849083 1856106
1866738 1873081
1888520 1889215
1900825 1906232
1911722 1912799
1913677 1916859
1923751 1924538
1924788 1932306
