NC_007146.2_Haemophilus_influenzae_86-028NP__complete_genome
48951 50375
87153 87744
105878 106352
106477 106884
124922 128010
136302 145648
154761 160212
174029 175073
182035 182395
182675 183074
188362 189244
189514 189890
191097 191467
191984 194002
204534 205290
306011 311468
320959 321221
324552 324636
340401 341736
350829 365843
403330 409120
423290 423429
455820 456431
482433 483056
539845 539985
544042 547273
576216 576670
636898 637063
643132 644955
653279 653392
677625 682777
683746 684497
692908 696741
709572 710676
723023 723670
724374 738482
738735 739166
755473 755890
757784 763754
767445 767994
781867 784974
787671 794705
805615 805763
806556 811168
838955 840749
841359 843031
860190 869443
870648 870717
894344 903952
967773 967916
981796 983100
984462 985605
999045 1002242
1028971 1029090
1040741 1043625
1086079 1110285
1113005 1113184
1117512 1119198
1123547 1124362
1143584 1146871
1160842 1161682
1185903 1186112
1196876 1196999
1276344 1276448
1312098 1312198
1319357 1319514
1369970 1378848
1380138 1380246
1408265 1458851
1460994 1464219
1500600 1501787
1517386 1517601
1577852 1580072
1580904 1597915
1632003 1634020
1638365 1638658
1691881 1692287
1692571 1694086
1703025 1728612
1798654 1798896
1830149 1830199
1830402 1834378
1846603 1846770
1873132 1874337
1878933 1879032
1901256 1906600
