NC_007146.2_Haemophilus_influenzae_86-028NP__complete_genome
88584 88694
88972 89102
92194 148600
188362 189894
194129 194549
306544 311401
340401 342005
371882 372008
390503 390795
403313 409103
544317 546569
636991 638153
643838 644955
652072 654777
667326 668335
678767 684348
723021 723670
724374 724588
735197 744628
791967 794690
805662 811168
838987 840543
841349 844739
883611 883671
1028971 1029090
1086079 1092811
1106083 1124030
1142982 1143417
1145059 1146912
1312098 1312202
1319361 1319496
1371956 1378820
1387143 1389776
1412343 1412532
1415824 1416071
1416269 1416403
1418023 1418806
1422600 1424798
1425850 1429303
1429940 1430247
1430359 1430568
1431322 1454254
1462128 1463083
1547571 1547793
1715587 1717906
1830149 1830199
1830360 1838912
1846385 1846552
1900965 1905718
1906226 1906435
