NC_007146.2_Haemophilus_influenzae_86-028NP__complete_genome
1 70
877 1271
4432 4848
7457 7809
8927 9254
17934 18351
20557 20838
21426 21492
22414 23176
23801 24433
27584 29642
30211 32272
35172 35511
36550 37228
38421 39225
40797 40863
42299 43019
45247 46424
48551 50729
53180 53327
57477 58933
59667 60255
62177 62860
64564 65377
70777 71374
74276 74629
78334 78792
80437 80801
84273 84858
86721 86844
87966 89102
92264 148670
154139 158309
158932 159015
159760 160212
160815 161673
173468 173850
180413 180644
181343 181744
184178 184268
186412 194856
196292 196344
196861 198560
201213 201681
202826 203385
203686 203850
204368 206078
207306 207558
210918 211305
213627 217025
217561 220558
225634 225804
227836 228425
232660 233543
235493 235710
237208 237458
239381 239835
242466 242789
245427 247121
247699 247979
248824 249828
254095 254213
254906 254965
260133 261020
263377 264642
266996 267266
268089 268701
269696 270786
271796 271968
272688 272941
274757 275493
277878 277947
279495 279583
281343 281588
285378 285462
287308 287982
290189 291369
294764 296663
298345 298530
304060 305019
305632 311996
312558 313050
317651 318281
326962 327048
328454 329799
330483 331150
333233 333479
335986 336466
337174 337451
338328 341960
345297 345765
347619 348184
349010 350040
350819 351099
352414 353191
355785 357553
358112 361808
362514 362791
363303 364371
365043 366173
371209 371472
372027 372173
374147 374248
375850 376409
381905 382394
383934 384015
385816 386259
387365 387960
389672 390700
391250 391454
393284 393689
396905 397381
402324 402491
403313 409103
411101 411944
416328 417431
418010 419791
421546 421867
423402 423563
424583 424656
427930 430044
432901 432999
435234 435496
436289 436873
437671 438952
440717 441503
442073 442335
442876 442954
443475 443726
444552 445302
446880 448517
448630 448931
451345 454402
455221 456831
457537 457628
460441 460828
463396 463519
464919 466869
468298 468607
469293 469428
470519 470637
470871 471084
471767 472194
472830 476396
476922 478165
478858 478950
479984 480536
481479 482139
483238 483660
490607 492061
492577 493638
494384 495135
496311 496564
497388 497971
500036 500589
504894 505047
505877 506076
506798 507795
512968 513228
513871 514209
515520 516368
517092 518453
521382 521943
525998 526339
527850 528831
529651 529789
530697 531287
532505 532715
536707 536924
541019 541543
544069 549401
551052 553574
554573 558486
559260 559622
560481 561967
563238 564473
565409 565759
566284 566365
567525 569102
569700 570489
571305 571640
573266 573490
575566 575685
576216 577271
580143 580820
584695 585697
588140 589702
590331 590917
593091 593342
593989 594403
598313 598476
600222 600363
600911 602269
603337 603567
605003 605520
606227 606285
607023 607853
613854 614722
616232 618026
621361 621596
622172 622676
624055 624208
625226 625341
625957 626693
628347 628929
631177 631684
632551 633148
634598 635350
636249 636355
636898 637063
641489 643465
643838 644955
645283 645350
646330 646653
647313 647439
648256 648835
649682 649737
652072 653898
654068 654777
656311 656629
657954 658258
659303 661278
662454 663892
664545 665752
666792 667562
669955 670707
672140 672739
673308 673403
673908 674742
676478 678151
678674 685803
686425 687193
688427 688570
689437 689503
690112 690450
692999 696929
697610 698565
699352 699986
703885 704270
705055 705902
706522 706762
707524 707802
709489 709571
710158 711545
713970 714768
715556 716586
718979 719900
720065 721090
723021 723670
724103 724823
730097 730789
734455 735051
735197 737204
738483 739474
741442 741942
742744 744628
745471 745766
746307 746360
747649 747877
748985 749442
751604 752864
755344 756510
760173 760272
762695 764193
764888 766013
766605 767039
767577 768153
769538 769884
772378 773044
773680 773863
775920 778543
779732 782528
783273 783767
784465 784652
785360 787682
790220 794991
795598 795735
796367 796632
798950 799888
800828 801999
803271 804936
805596 811200
811714 814673
816415 816539
817192 817471
819673 820095
820876 821027
821570 821895
822495 822853
823400 823495
825927 826294
827202 828401
829392 829737
830605 833939
834481 834731
836711 837559
838736 840714
841347 845190
846208 846534
850287 851259
851811 854622
856284 856909
857677 858127
861140 861601
863774 864112
865456 865718
866634 867761
868663 870257
872139 872505
875795 877255
878917 879829
882394 882583
883591 883651
885121 885783
887448 888076
889378 890672
891333 892019
892708 893170
894084 895031
896536 896682
898723 899272
899875 900327
902046 902831
903760 904102
904707 904968
906965 907409
911402 911693
912420 913708
914338 914580
915422 915891
918950 919022
921098 921690
923134 923813
924991 925613
926167 926462
928748 928812
931240 932474
937221 937514
939805 940680
943759 943882
945433 945790
946365 947201
948135 949361
950559 952139
954480 955420
959130 959201
960009 960483
961872 962214
963256 963892
964679 965751
966260 966608
968586 968994
970467 970532
971146 971549
972620 972879
979863 980176
981984 985136
985861 986735
989166 989377
992606 992800
993532 994873
996318 998620
1000584 1001058
1003049 1003663
1004254 1004911
1006165 1006422
1007156 1007563
1008164 1010649
1011449 1011944
1012926 1014565
1015195 1016346
1016900 1017135
1020825 1021356
1021887 1022004
1023296 1024139
1025075 1025517
1030215 1030987
1032597 1033078
1034098 1035145
1036040 1036340
1039427 1039845
1044320 1044562
1046183 1046901
1048808 1048952
1049674 1050286
1051920 1052171
1055032 1055410
1057367 1058394
1059968 1061200
1062326 1062490
1064047 1064429
1065352 1065734
1067008 1067473
1070052 1070452
1071310 1071714
1075659 1078005
1079566 1080585
1084649 1084841
1085503 1086245
1087538 1090937
1091474 1093740
1094777 1097131
1098909 1099597
1100524 1102390
1102876 1102975
1103604 1105918
1106087 1110488
1112082 1112217
1112836 1113551
1115477 1117314
1117512 1119065
1120702 1120802
1121798 1121980
1123316 1123556
1123883 1124362
1125196 1125796
1126327 1126850
1127661 1128691
1129421 1129660
1130769 1134103
1135641 1136465
1137533 1137872
1138223 1138570
1141251 1141855
1142982 1146912
1147102 1147176
1147833 1149238
1150993 1151243
1153149 1153497
1154340 1154516
1156632 1161790
1162967 1164805
1165438 1166165
1166798 1167037
1169953 1171030
1178678 1179206
1180352 1180603
1184594 1184883
1186060 1186115
1189792 1190401
1190988 1191133
1194178 1194434
1196876 1197276
1198301 1198966
1200189 1201730
1202409 1202566
1203791 1204038
1205734 1206189
1206795 1207091
1208444 1208704
1213627 1214368
1219486 1219731
1220265 1220575
1222881 1224042
1231301 1232205
1234094 1234535
1235193 1235462
1235987 1236099
1238536 1238814
1241465 1241547
1242273 1242545
1244099 1244249
1244935 1245326
1246132 1246629
1247257 1248806
1251720 1252332
1254763 1255622
1257733 1257899
1258465 1259116
1260624 1260823
1261439 1262828
1263650 1265017
1269573 1270137
1272951 1273338
1274305 1274435
1275203 1275314
1277341 1279431
1282315 1284537
1285084 1286337
1289752 1290207
1290999 1291445
1292490 1292574
1293751 1294234
1298078 1298530
1299342 1299554
1300871 1301043
1302605 1304821
1305400 1305804
1308036 1308511
1310021 1312198
1313258 1313949
1316188 1320174
1321300 1321565
1325521 1325799
1326820 1327065
1327938 1328266
1329297 1329966
1335390 1336317
1338210 1338774
1342870 1343158
1347189 1347314
1348151 1349371
1350070 1350484
1358740 1359067
1362178 1363292
1366390 1367472
1371186 1372852
1373843 1378882
1379865 1380246
1380501 1381421
1383176 1383807
1384790 1385732
1387189 1390447
1394005 1394246
1396340 1396648
1397233 1397529
1398279 1400456
1408265 1409944
1410400 1412715
1413309 1413804
1415919 1424798
1425850 1427803
1428002 1431045
1431277 1436455
1437445 1437743
1438025 1438659
1439394 1439453
1445225 1445509
1446296 1446639
1447100 1447994
1449196 1449882
1453327 1453960
1454507 1454657
1455734 1455965
1457175 1457621
1462628 1462786
1463428 1463532
1464557 1465206
1466094 1466797
1472274 1472417
1474055 1474377
1476342 1477879
1481228 1481468
1485161 1486756
1487536 1487686
1489353 1489790
1491474 1492737
1493351 1494016
1495482 1496097
1501680 1501822
1503442 1503856
1506015 1506631
1509028 1509142
1514919 1515393
1519747 1519963
1524538 1524692
1527488 1528136
1532282 1533125
1534873 1535416
1537156 1537725
1543376 1543782
1544096 1544764
1544894 1545727
1546399 1547793
1548381 1549723
1551956 1552468
1552978 1553346
1556917 1557453
1559862 1560208
1561399 1561816
1566420 1567082
1574137 1574280
1574908 1575356
1578021 1578381
1580237 1580499
1583239 1583522
1584636 1584807
1585614 1585966
1587015 1587159
1592350 1592569
1602178 1603012
1603623 1604029
1604681 1604846
1607079 1609207
1610492 1610896
1612145 1613921
1614492 1615727
1616976 1617768
1622975 1623522
1635333 1635415
1637264 1638885
1641107 1641538
1644232 1646669
1648371 1648581
1650616 1651093
1652530 1652597
1658105 1658807
1669451 1670123
1671380 1672173
1675418 1675867
1676436 1677035
1677793 1678338
1678996 1679268
1682455 1682818
1683785 1683936
1688714 1688843
1690362 1692446
1692595 1694086
1695620 1695865
1696371 1696563
1698748 1699706
1700695 1700793
1702243 1702486
1707275 1710221
1711099 1711297
1717991 1718436
1731734 1732059
1733288 1734449
1736863 1736998
1737380 1737477
1739138 1739922
1742685 1743143
1744108 1744285
1747796 1748694
1750895 1750996
1752384 1752508
1754604 1754941
1757422 1757482
1765343 1766292
1768788 1768973
1770889 1771193
1775507 1775769
1780023 1781577
1782126 1782908
1783857 1784633
1798039 1798973
1800017 1801513
1802639 1803239
1804093 1804208
1805961 1806193
1808706 1808892
1809631 1810399
1815199 1815569
1816086 1816492
1817804 1817966
1819694 1820012
1821851 1822358
1825040 1825702
1826509 1827089
1829037 1838810
1843405 1843949
1844638 1844872
1846565 1846674
1848860 1849303
1854063 1854572
1857646 1858156
1858953 1859511
1865670 1866066
1868779 1868959
1870557 1870969
1874757 1874918
1876488 1877071
1880104 1880421
1883122 1883526
1885274 1885427
1890325 1891158
1895398 1895454
1895972 1896226
1897735 1897985
1900656 1906607
1907982 1908100
1912514 1913005
1914384 1914490
