NC_014920.1_Haemophilus_influenzae_F3031_complete_genome
16573 22533
85638 118176
124271 126142
141263 142307
149269 149629
149909 150308
150551 150738
156630 157037
160183 160601
172409 172648
175970 176054
186084 189897
194098 196849
205871 220967
227184 227558
245584 246362
269421 269477
277479 284570
310872 310990
325223 371894
371961 372039
382834 382890
386333 388379
395682 396658
415563 415725
418925 453295
468141 482572
486154 486588
486728 493734
500792 501751
506085 508260
536906 537148
576683 583893
585691 586357
611432 615063
617155 628344
637247 638829
644579 644761
650494 650627
651261 651751
663115 664267
664366 675629
675846 676543
686495 689468
697623 699694
719633 722502
726674 726785
728984 737266
753182 753386
755850 762208
779257 779645
783193 784710
796497 800508
801085 803812
809488 809748
852540 853538
854086 859017
860228 889597
890869 897461
897745 909687
909935 911614
954647 972076
992759 993036
1034299 1037549
1038994 1039098
1050487 1051768
1060070 1066575
1128367 1129397
1152884 1153718
1167648 1173694
1196767 1212889
1221977 1224001
1240822 1252243
1252602 1270448
1277764 1277904
1292822 1292940
1319018 1319137
1345849 1345974
1360930 1362073
1367242 1379772
1443690 1443772
1471771 1471840
1473049 1482300
1497488 1502102
1530962 1531054
1531615 1535347
1545148 1545673
1546353 1560297
1563422 1563867
1582876 1588952
1592487 1595183
1602622 1604599
1613197 1627515
1628648 1634620
1636694 1636930
1645168 1645366
1654257 1656469
1659082 1666608
1694009 1695191
1719044 1722790
1766154 1766608
1795549 1798049
1830877 1833023
1838750 1839297
1861503 1862126
1883828 1886082
1902650 1902959
1921511 1921945
1961866 1965359
1972172 1974273
1977954 1978025
