NC_014920.1_Haemophilus_influenzae_F3031_complete_genome
1 4536
16573 21862
32051 78203
82176 82711
85995 118034
118264 126141
127158 127645
136936 153404
153536 156910
159289 159396
162117 162405
171032 176054
185295 220965
269421 269477
273187 275798
277479 283280
302569 307217
325241 371912
371961 383123
385606 385713
388092 388508
392627 396184
409504 409571
415563 487381
488246 497480
500740 501456
501537 501750
508209 508262
521239 539525
541003 541397
555185 583109
583778 607529
611432 612716
613939 615057
616518 628401
628828 657129
663115 676714
686495 689482
697623 702676
710197 727967
728984 737345
738928 739003
758448 770029
774636 779645
796461 801126
801463 816111
828982 854527
854628 857706
858033 859529
859745 971915
989619 993036
1019568 1023435
1035077 1042006
1047258 1059372
1060051 1062017
1062387 1062545
1063360 1066637
1093777 1094305
1117505 1117626
1128367 1139595
1151961 1160890
1169523 1185509
1192318 1192422
1196767 1209666
1221977 1224000
1240818 1249095
1249874 1251203
1252005 1270444
1292822 1307386
1319018 1319137
1342172 1342329
1347244 1347391
1363435 1368672
1368803 1389476
1390673 1408753
1437305 1438468
1443602 1443781
1447806 1451622
1457916 1459148
1463217 1463651
1470259 1503903
1522400 1531316
1531402 1535347
1545008 1548663
1552547 1563408
1571787 1583395
1585774 1585881
1586666 1588890
1592487 1592572
1592703 1595183
1602639 1625677
1636729 1641493
1647957 1653347
1653654 1666739
1676591 1695191
1704161 1713609
1719059 1722790
1761670 1763018
1763743 1766608
1774518 1817927
1828736 1838273
1838355 1839398
1849496 1862126
1873720 1881848
1881934 1887152
1902520 1902959
1916198 1921945
1925302 1925481
1945370 1945433
1953178 1972514
1974893 1975000
1975785 1976205
1977972 1984592
