NC_014920.1_Haemophilus_influenzae_F3031_complete_genome
16573 22533
85873 118034
124271 126142
141263 142307
149269 149629
149909 150308
150551 150738
160213 162417
172409 172648
175970 176054
186084 189897
194098 196849
205871 220967
245739 246307
269421 269477
277479 284570
303646 310990
325223 371894
371961 372039
384639 388165
395682 396658
415563 415725
418925 453295
468141 482572
486154 486588
486728 493734
500792 501751
506085 508260
536906 537148
576683 583893
585691 586357
611432 615063
617155 628344
637247 638829
663115 664267
664366 675631
675846 676543
686495 689468
697623 699694
719633 722502
726674 726785
728984 737266
753182 753386
755850 762586
779257 779645
783193 784710
796497 800503
803298 803577
852540 853538
854086 859017
860228 889597
890869 897461
897745 909687
909935 911614
954647 961672
992759 993036
1034299 1037549
1038994 1039098
1050487 1051768
1060070 1066575
1128367 1129397
1152884 1153718
1167648 1173694
1196767 1212889
1221977 1224001
1240822 1252243
1252602 1270448
1277764 1277904
1292822 1292940
1319018 1319137
1345849 1345974
1360930 1362073
1367242 1379772
1443690 1443772
1471771 1471840
1473049 1482300
1497488 1503904
1530962 1531054
1531670 1535071
1536981 1537102
1545772 1560297
1582876 1583002
1583395 1587086
1592487 1592573
1592670 1595183
1602622 1604599
1613197 1627515
1628648 1634620
1636729 1636930
1645168 1645366
1653718 1656109
1659082 1666608
1694009 1695191
1719044 1722790
1766154 1766608
1795549 1798049
1830877 1833023
1838750 1839297
1861503 1862126
1883828 1886082
1902664 1902959
1921511 1921945
1961866 1965359
1972400 1975718
