NZ_CP008740.1_Haemophilus_influenzae_2019__complete_genome
52169 58287
82471 83233
117397 121902
125248 126041
128129 128198
129038 129149
129426 129556
138791 147324
152806 153832
162235 162668
169085 172514
183848 184043
198309 198565
214277 214402
220360 221087
240278 245972
290563 290983
334114 334557
353522 355813
364793 381520
404965 405817
424899 425053
432661 432803
465182 465305
479843 480989
483228 483852
484021 503465
505157 512796
513316 516457
520087 520870
522114 525480
538627 539275
551325 552086
630215 630654
633134 633279
656350 656514
665293 665402
674303 674441
691353 693334
699082 699364
707284 708531
735893 738676
747384 749209
752847 763729
764915 768836
779720 784029
789692 803349
805776 806145
809829 811076
813402 814646
820812 824875
848449 849706
863915 865163
868824 873701
882009 883256
890981 891151
900405 900787
925739 926057
951643 952024
999453 1008440
1025208 1035186
1055450 1056695
1091622 1094731
1095376 1121610
1158876 1171929
1213426 1214669
1225710 1228024
1252316 1252437
1263088 1263138
1264461 1305109
1353504 1354268
1365681 1365778
1367051 1367118
1408785 1409053
1440092 1440339
1464396 1469682
1495052 1500613
1500998 1501254
1501867 1501969
1538841 1539219
1551648 1551823
1618802 1618940
1619275 1621273
1621743 1624686
1626236 1626516
1627272 1627416
1627517 1632650
1663431 1679885
1689113 1689501
1695186 1702728
1728950 1731666
1740496 1742725
1743179 1757803
1762174 1762804
1763113 1783083
1790769 1791721
1794157 1794416
1853874 1854275
1863564 1863976
1885935 1889886
1904689 1904808
1947582 1948558
1955643 1961775
