NZ_CP008740.1_Haemophilus_influenzae_2019__complete_genome
48945 50369
52170 62448
82471 83238
115743 115987
117396 121902
125248 126041
128129 128198
129038 129149
129426 129556
132483 132976
146634 147324
152806 153832
162235 162668
168435 172000
183848 184043
193264 198702
214277 214513
220362 221071
240278 245970
285328 285584
287443 287519
288823 289246
318746 324640
334590 334830
352451 356062
364404 386409
404488 405762
424899 425053
432661 432803
481168 481417
483230 483985
484438 484554
501783 502599
503295 503540
509182 516933
517017 520729
522114 525480
538627 539275
630440 633236
656350 656514
665293 665402
674303 674441
698404 698459
699082 699364
707284 708531
735995 739055
747128 747189
749179 762186
764915 768531
768752 768836
775570 784029
794140 796299
797385 803349
805947 806145
809829 811070
813402 814646
822025 822626
830988 834091
847949 852452
861332 861807
863909 865163
870561 874433
882003 883250
890981 891151
900405 900787
925650 926056
951643 952024
999453 1008440
1023587 1035193
1055461 1056706
1079868 1079972
1091622 1094731
1095376 1097248
1121469 1121610
1161409 1171986
1190318 1190665
1196773 1199437
1201437 1201671
1213859 1214779
1225710 1228024
1263088 1263138
1264461 1305109
1365681 1365778
1367051 1367118
1408824 1409078
1429685 1440282
1461814 1466881
1495754 1501254
1501867 1501969
1538841 1539671
1551648 1551823
1618802 1618940
1619275 1621273
1621452 1621508
1621743 1624611
1626283 1626578
1627543 1632650
1658363 1659145
1661501 1673472
1675575 1679885
1689113 1689501
1695186 1702728
1717108 1717426
1726033 1731666
1740496 1742725
1743179 1757803
1763042 1766150
1768435 1783083
1790769 1791721
1794157 1794416
1853874 1854275
1863564 1863976
1885627 1886036
1887424 1892470
1902052 1902138
1947582 1948558
1955643 1960032
