NZ_CP008740.1_Haemophilus_influenzae_2019__complete_genome
48945 50369
52169 58287
82471 121902
125250 126041
132483 132798
146634 147324
152806 154339
154556 154987
162490 162678
168435 174266
193264 198565
214391 214513
241436 245156
285328 287550
318105 318197
318746 319169
322421 322839
334591 334831
338152 338236
353519 356062
364404 386409
404437 405762
479539 516933
517056 526888
551325 552086
597069 597209
633132 633235
656350 656514
665293 665402
674303 674441
698334 699399
707606 707934
735053 737898
738578 739091
748955 768531
768752 768836
775570 784029
794593 795906
796073 796844
797427 806145
809825 811070
813406 814646
822014 834091
847949 849706
861301 861691
863909 865163
868694 874433
882003 883250
901996 902065
930154 935371
999453 1008648
1022539 1023846
1048663 1051864
1055450 1056695
1094303 1094434
1121469 1121610
1158847 1162986
1165721 1165966
1170297 1172076
1195080 1200129
1213859 1214779
1226064 1228003
1241345 1241558
1263088 1263138
1264461 1305109
1353504 1354268
1408800 1409053
1429685 1440090
1440167 1440338
1461787 1466881
1496887 1501007
1538359 1539646
1551667 1551823
1580147 1580443
1618735 1626859
1628882 1631866
1658301 1659015
1672231 1673478
1675575 1675637
1689113 1689501
1695186 1700822
1701524 1702096
1702274 1702728
1717162 1717295
1723043 1723225
1729717 1731666
1740496 1782535
1790769 1791721
1794157 1794416
1863564 1863976
1887415 1889936
1904773 1904833
1947582 1948558
1955643 1958098
1961780 1961851
