NZ_CP008740.1_Haemophilus_influenzae_2019__complete_genome
4422 4539
28120 121902
129018 132439
132516 132624
132886 138921
139928 140422
146634 147330
150322 161957
162235 165058
165336 172462
179709 184847
185183 187452
193258 198875
220362 224033
232723 232775
240278 245972
264408 264470
272216 273294
279329 285347
285482 285687
287430 287547
288170 288280
309541 310340
318837 319042
320785 320902
321525 321635
333269 334851
338152 338236
347455 353582
354503 405729
433306 435928
456901 458201
461437 461536
465191 465313
479508 526857
562183 570021
580831 622306
633933 635280
656350 656514
665358 665467
679888 689329
698334 699412
707290 718061
727916 729164
731227 732632
734698 739244
747165 752995
764915 768520
783112 784029
789512 803349
809821 814646
824890 828294
848449 849706
861427 861622
863915 865163
870561 870743
871527 871637
872260 883252
890820 903578
910183 914906
914981 915953
922269 922423
925739 926088
940511 941690
970621 988715
989912 1019054
1025207 1051769
1055403 1056792
1091622 1097357
1158984 1162986
1165727 1172076
1196898 1199439
1206861 1215658
1225756 1241558
1252316 1252437
1263088 1263138
1264461 1305118
1316030 1316433
1353515 1364363
1365681 1367510
1378374 1382205
1408790 1409075
1411953 1412141
1440092 1441062
1457380 1495749
1496002 1496373
1496928 1500609
1501137 1538925
1551648 1560743
1566325 1566410
1593476 1593895
1601377 1634417
1635591 1642493
1644076 1644132
1661483 1662553
1663388 1689501
1693049 1704192
1715943 1740069
1742156 1746193
1747637 1766198
1768435 1769984
1770544 1783302
1789892 1813749
1813965 1835393
1849425 1849724
1851258 1869583
1885557 1894551
1904750 1917325
1934658 1951611
1955643 1958095
1958718 1958828
1959612 1968418
