NZ_CP007805.1_Haemophilus_influenzae_CGSHiCZ412602__complete_genome
1 3105
18244 22612
91961 95186
112751 114191
114786 116575
123683 123732
142427 142511
152542 163711
172536 172816
232232 232322
239848 239987
298538 311936
322009 322283
340755 341116
381871 382325
393585 395950
406436 406600
441149 441314
447333 448349
481724 485608
493836 493921
496047 497508
499251 499414
500047 500139
527243 532826
532953 534214
544485 544919
546105 549852
564115 565389
572601 572654
577061 579617
593837 593906
604750 605365
616114 616503
632353 638147
642451 644280
657167 657535
659103 659223
667721 668119
681379 685142
698887 701327
728647 736374
786554 786674
795047 800194
804233 811578
830435 831515
836529 841970
863296 863631
948592 948650
964346 965296
972890 980973
989808 992614
1018823 1019277
1022112 1027707
1050660 1050883
1074716 1078279
1086771 1086839
1089215 1089470
1089911 1091341
1092806 1096397
1097371 1104792
1108965 1109099
1109668 1111346
1136726 1136969
1182789 1183889
1220377 1221228
1222093 1224577
1225181 1225357
1274056 1274228
1305253 1305407
1312574 1312674
1348379 1348483
1359898 1360662
1439293 1439505
1463754 1464621
1478560 1484549
1495996 1504221
1515829 1517301
1525165 1527843
1528077 1528642
1531745 1531843
1548978 1549145
1566656 1566796
1591016 1593955
1594926 1595694
1635060 1635185
1661367 1662646
1770424 1770574
1781258 1790400
1805886 1811802
