NZ_CP007805.1_Haemophilus_influenzae_CGSHiCZ412602__complete_genome
1 1380
2681 2881
13243 13335
14639 14834
18244 22612
33605 33745
49431 49505
91961 95186
112751 116575
123501 129155
152542 163708
172537 194587
212664 213098
322009 322283
340755 341116
384804 384908
393587 395951
406436 406600
441149 441314
447404 447459
448079 448289
481867 485654
493729 499497
529012 534185
546105 549852
556590 556687
564115 586047
590196 597735
603788 605749
606645 609438
615999 616473
618291 618406
632353 644442
657167 659210
661070 665087
681379 685142
690957 691450
694377 694507
694785 694895
695735 695804
698886 701327
724490 736374
786554 786674
795513 800194
804233 811578
836529 841970
863366 863788
902288 902691
948592 948650
964346 965296
972890 980978
989808 1004444
1018823 1019277
1020037 1021345
1022044 1027707
1053932 1056333
1074716 1078279
1086850 1088051
1088797 1092680
1093653 1093990
1095662 1097370
1098526 1098582
1102876 1104058
1104348 1104725
1108965 1109099
1109668 1111346
1136726 1136970
1181848 1182829
1220285 1225601
1246376 1249009
1274113 1274360
1284545 1284658
1305205 1305322
1312574 1312674
1463754 1464621
1477018 1477252
1479252 1482861
1488964 1489311
1495996 1504221
1515773 1517166
1524530 1528292
1531745 1531843
1548978 1549145
1566656 1566796
1593072 1593135
1593806 1596588
1608199 1608303
1649963 1660006
1691938 1692153
1724302 1724683
1740932 1750519
1754546 1755001
1765711 1765814
1770423 1770573
1778795 1780049
1805592 1811802
