NZ_CP007805.1_Haemophilus_influenzae_CGSHiCZ412602__complete_genome
1 4910
18244 22612
49289 49505
91961 95186
112751 114191
114786 116575
123437 123934
142427 142511
152542 163711
172537 172817
174126 194587
212613 213098
232232 232322
239848 239987
298538 311936
322009 322283
340755 341116
381871 382325
384804 384907
393585 395950
406436 406600
441149 441314
447333 448349
481724 485699
495556 499497
500047 500139
529012 534214
544640 544919
546105 549852
556590 556687
564115 565389
572601 572654
577061 577183
577390 579450
580200 580295
593823 593892
604750 605365
609523 610064
616123 616512
632353 638147
642451 644280
655299 655417
659103 661262
667721 668119
681379 685142
691135 691450
698887 701327
728647 736374
786554 786674
793225 800194
804233 811578
830435 831515
836529 841970
863296 863631
948592 948650
964346 965296
972890 980973
989808 992614
998328 998510
1004257 1004390
1018823 1019277
1022112 1027707
1074716 1078279
1086771 1086839
1089215 1089470
1089911 1091341
1092806 1096397
1097371 1104792
1108965 1109099
1109668 1111346
1136726 1136969
1181870 1183889
1220377 1221228
1222093 1224577
1225181 1225357
1274056 1274228
1284545 1284658
1305253 1305407
1312574 1312674
1348379 1348483
1359898 1360662
1439293 1439505
1463754 1464621
1478560 1484549
1495996 1504221
1515829 1517301
1525165 1527843
1528077 1528642
1531745 1531843
1548978 1549145
1566656 1566796
1591016 1593955
1594926 1595694
1635060 1635185
1661367 1662646
1765710 1765771
1770421 1770571
1781258 1790400
1805592 1811802
