NZ_CP007805.1_Haemophilus_influenzae_CGSHiCZ412602__complete_genome
1 4877
13243 13335
14639 14834
15715 15861
18244 22612
91961 95186
112751 114191
114786 116575
127100 129122
138631 139096
152542 156359
160706 161768
161960 163405
172926 187989
189195 189698
194246 194425
212663 213037
272421 272551
311183 311944
322009 322283
340755 341116
384823 384967
393587 395951
406436 406600
441242 442403
448079 448289
481867 485609
493762 499464
527599 527695
532917 534185
544640 544919
546105 549342
549455 549852
564115 572654
577187 586047
590196 597851
603788 605749
618407 618483
642974 644442
655378 655850
660674 661236
661324 665087
694377 694507
694785 694895
695735 695804
698886 701327
728647 734970
786554 786674
793254 800194
804233 811578
836529 841970
863489 863824
902288 902691
948592 948650
964346 965296
972890 980978
989808 992613
1005108 1005406
1018823 1019277
1020037 1021345
1022044 1027707
1053889 1053989
1054183 1054403
1074716 1078279
1086850 1088716
1088882 1092705
1093077 1094037
1095076 1097370
1102876 1104058
1104348 1104725
1108965 1109099
1109668 1111346
1136726 1136970
1181972 1182637
1220285 1225601
1227142 1227866
1246376 1249009
1274112 1274359
1305205 1312674
1359898 1360662
1428411 1428532
1463946 1465257
1480192 1482734
1495996 1504221
1515773 1521785
1524530 1527833
1528077 1528497
1548978 1549145
1566656 1566796
1593072 1593135
1593806 1596588
1649970 1660005
1691938 1692153
1724302 1724683
1740932 1750506
1754546 1754912
1770424 1770574
1778795 1780049
1806270 1811802
