NZ_CP007805.1_Haemophilus_influenzae_CGSHiCZ412602__complete_genome
1 4877
13243 13335
14639 14834
18244 22612
28414 33711
91961 95186
112751 116575
123568 129122
152542 163708
172537 194288
194365 194425
212697 213065
322009 322283
340755 341116
393587 395951
406436 406600
441149 441314
448079 448289
481867 485608
493762 499464
527225 534185
546105 549852
564115 586047
590196 597735
603788 605749
606645 609438
615999 616473
618291 618406
632353 644442
664658 665088
681379 685142
691168 691232
694377 694507
694785 694895
695735 695804
698886 701327
724490 736374
786554 786674
794994 800194
804233 811585
836529 841970
902288 902691
948592 948650
964346 965296
972890 980978
989808 1004339
1004940 1005502
1018823 1019277
1020037 1021345
1022044 1027707
1053948 1056333
1074716 1078279
1086850 1088051
1088830 1092959
1094044 1094441
1095662 1097370
1102876 1104058
1104348 1104725
1108965 1109099
1109668 1111346
1136726 1136970
1182444 1182636
1220285 1225601
1246376 1249009
1274113 1274360
1305205 1305322
1312574 1312674
1463754 1464621
1477018 1477252
1479252 1482861
1488964 1489311
1495996 1504221
1515773 1517166
1524530 1528292
1531745 1531843
1548978 1549145
1566656 1566796
1593072 1593135
1593806 1596588
1608199 1608303
1649963 1660006
1691938 1692153
1724302 1724683
1740932 1750519
1754546 1755001
1765719 1765814
1770423 1770573
1778795 1780049
1805680 1811802
