NZ_CP007805.1_Haemophilus_influenzae_CGSHiCZ412602__complete_genome
1 4771
13243 13335
14639 14834
18244 22612
91961 95186
112751 116575
126930 129100
152542 163708
172537 196413
212719 213043
322009 322283
340755 341116
393587 395951
406436 406600
441149 441314
448079 448289
481867 485608
495326 496768
527247 529436
532917 534185
546105 549852
564115 586047
590196 597735
603788 605749
606645 609438
615999 616473
618291 618406
632353 644442
656937 657115
664658 665088
681379 685142
694377 694507
694785 694895
695735 695804
698886 701327
724490 736374
786554 786674
795094 800194
804233 811585
836529 841970
902288 902691
948592 948650
964346 965296
972890 980978
989808 1004317
1018823 1019277
1020037 1021345
1022044 1027707
1053948 1056333
1074716 1078279
1086850 1088051
1088852 1092959
1094044 1094441
1094613 1094833
1095662 1097370
1102876 1104058
1104348 1104725
1108965 1109099
1109668 1111346
1136726 1136970
1220285 1224139
1224295 1225601
1246376 1249009
1274112 1274359
1305205 1305322
1312574 1312674
1463754 1464621
1477018 1477252
1479252 1482861
1488964 1489311
1495996 1504221
1515773 1517166
1524530 1528292
1531745 1531843
1548978 1549145
1566656 1566796
1593072 1593135
1593806 1596588
1608199 1608303
1649963 1661585
1691938 1692153
1724302 1724683
1740932 1750519
1754546 1755001
1765719 1765814
1770423 1770573
1778795 1780049
1809034 1811802
