NZ_CP009610.1_Haemophilus_influenzae_strain_Hi375__complete_genome
28462 28628
131803 131862
270578 275692
308839 309259
319091 322997
373910 374120
374445 377454
393028 393309
422922 423004
431884 434632
441417 441799
469117 469331
567970 568041
650523 652211
652401 654966
674598 680014
688313 689602
764516 765088
803259 803350
844776 846286
859057 860067
961265 967442
1107220 1112341
1164591 1164653
1167110 1167277
1179557 1183303
1298628 1299200
1305607 1306373
1408877 1411089
1429076 1429855
1554373 1554588
1587320 1590315
1645297 1645512
1652703 1652807
1846720 1850897
