NZ_CP009610.1_Haemophilus_influenzae_strain_Hi375__complete_genome
4098 7990
8509 8689
11798 11897
28462 28628
71064 73948
112399 115606
129036 130179
131541 132868
146748 146891
210712 215902
219955 220304
243968 244037
245242 254495
269801 273956
303429 303861
309270 309388
319155 320339
329990 333097
346964 347420
351188 357174
359068 359485
370330 374499
375179 377251
377458 377580
393028 397462
416520 419740
431283 431695
431794 435528
441417 441799
469057 470078
535442 535896
564839 568263
572318 572458
629671 630294
639080 639133
642088 654267
655792 690716
705097 705224
737678 737817
764569 765616
783643 784017
789737 803303
804611 804891
813716 814924
831082 831166
834497 834759
846032 849950
859057 860067
920314 920424
950527 951283
960850 967442
972730 973129
973409 973769
980731 981775
995592 1001043
1006859 1007368
1010296 1010572
1011412 1012003
1048926 1050350
1107144 1113065
1134798 1134897
1139493 1140698
1167110 1167277
1179541 1183387
1199722 1200155
1215398 1215640
1285618 1311763
1320703 1322218
1322502 1322908
1328618 1328800
1334548 1334683
1335315 1335805
1376204 1376494
1380855 1382872
1408877 1411089
1417957 1430647
1431024 1437998
1463637 1464679
1469093 1472972
1473590 1475220
1499768 1499983
1515280 1516769
1553179 1555662
1557805 1558318
1584429 1592951
1624585 1624698
1645297 1645521
1652707 1652807
1688532 1688636
1767824 1767947
1778711 1778920
1803135 1803975
1817909 1822958
1841585 1841922
1846327 1847928
