NZ_CP009610.1_Haemophilus_influenzae_strain_Hi375__complete_genome
1366 11897
28462 28628
85579 85670
269801 270055
271915 273493
303429 305558
306859 307522
319155 333097
346964 350228
359107 359614
373910 374429
393028 397462
405383 406078
417579 421209
423199 423259
431328 431703
431794 433672
441417 441799
469117 469331
469953 470008
473415 473466
475125 475189
564821 568245
639080 639133
643929 646100
649402 655475
655772 658834
659468 659805
660885 662544
663862 690430
705098 705225
712162 712499
764569 765565
783643 784017
789739 804891
813721 816844
834497 834759
844233 849950
859047 860067
920314 920388
936055 936154
962654 967442
995592 1001043
1007052 1007368
1038269 1038446
1048926 1050350
1108963 1113065
1139530 1139638
1167184 1167438
1179575 1183667
1275083 1275157
1304961 1305283
1320703 1325809
1334417 1335829
1408877 1411089
1422471 1422527
1428993 1431210
1463698 1464809
1467165 1470061
1515321 1515706
1553765 1555058
1584429 1592857
1624585 1624698
1645298 1652807
1767824 1767947
1803135 1803975
1818601 1821265
1827373 1827720
1841585 1841922
1846271 1850897
