NZ_CP009610.1_Haemophilus_influenzae_strain_Hi375__complete_genome
28462 28628
269856 275775
303429 303482
308839 309342
319155 322997
347233 347416
359108 359198
365900 366083
373816 377456
393028 393309
417571 417633
422750 423259
431756 434632
441417 441799
469117 469331
469953 470008
564838 565759
567921 567996
639384 639476
643697 643852
649220 652211
652401 655747
658898 660982
674598 680014
687804 690444
764597 765599
783643 784017
844233 849899
859057 860067
949466 949678
960850 967442
1007052 1007368
1107137 1113065
1139530 1139638
1164591 1164653
1167110 1167277
1179557 1183373
1275083 1275167
1298628 1299200
1305011 1306508
1334417 1334762
1408877 1411089
1428454 1429024
1430244 1430975
1434996 1435694
1514736 1515706
1553765 1555058
1556700 1557135
1586286 1590315
1624585 1624698
1645297 1645512
1652703 1652807
1841743 1841844
1846720 1850897
