NZ_CP009610.1_Haemophilus_influenzae_strain_Hi375__complete_genome
28462 28628
131803 131862
270528 275369
308839 309309
319155 322997
373910 374120
374445 377454
393028 393309
422750 423226
431884 434632
441417 441799
469117 469331
649274 652211
652401 654966
655132 655714
674598 680014
687837 689652
764630 765566
783805 783984
803259 803350
844266 846286
859057 860067
949499 949645
960883 967442
1107170 1113032
1164591 1164653
1167110 1167277
1179557 1181848
1298628 1299200
1305557 1306423
1335399 1335697
1408877 1411089
1429982 1430942
1514854 1515514
1553798 1554884
1587313 1590315
1645297 1645512
1652703 1652807
1846720 1850897
