NZ_CP009610.1_Haemophilus_influenzae_strain_Hi375__complete_genome
1366 11897
28462 28628
85579 85670
273293 273438
275573 275720
307103 307752
319155 333097
346964 350228
359107 359614
373910 374417
393028 393309
405383 406078
421009 421663
431660 431711
431794 433672
441417 441799
469117 469331
475125 475189
564821 568245
639080 639133
643929 646100
649402 655420
655772 658834
659859 662544
663937 690430
705098 705215
764624 765510
789739 795909
803238 804891
813721 816844
834497 834759
844288 846456
859047 860067
960988 963078
966560 967442
995592 1001043
1038269 1038446
1048926 1050350
1108733 1109626
1179575 1183667
1320703 1325809
1408877 1411089
1429192 1429406
1429578 1431210
1463698 1464809
1467165 1470061
1584429 1584537
1586027 1590908
1645298 1652807
1767824 1767947
1803135 1803975
1818601 1821265
1827373 1827720
1841585 1841922
1846271 1850897
