NZ_CP009610.1_Haemophilus_influenzae_strain_Hi375__complete_genome
28462 28628
131803 131862
270550 274008
309139 309287
319155 322997
373910 374120
374445 377454
393028 393309
423050 423204
431884 434632
441417 441799
469117 469331
567970 568041
650523 652211
652401 654966
674598 680014
687859 689630
712643 713001
764516 765088
803259 803350
844288 846286
859057 860067
960987 967442
1107192 1113010
1164591 1164653
1167110 1167277
1179557 1181848
1298628 1299200
1305579 1306401
1335421 1335675
1408877 1411089
1429048 1430920
1514876 1515492
1554373 1554588
1587313 1590315
1645297 1645512
1652703 1652807
1846720 1850897
