NZ_CP007471.1_Haemophilus_influenzae_strain_C486__complete_genome
46894 52554
64202 64306
91055 93547
140080 140294
172456 172837
189090 198674
203124 203562
218621 218771
226990 228243
229452 239261
254702 254802
258760 258852
271391 272001
274129 284228
298185 298300
300118 300625
307194 309986
316971 324495
328644 330523
334405 334518
365421 366116
366410 366495
376600 382502
392491 395494
409202 409287
429870 431273
434565 434652
498625 498839
566785 567059
589724 589779
599443 599496
643110 648529
654626 654765
681598 682462
722416 722696
732970 734780
749020 749150
763992 767859
797131 799060
810207 811161
846233 852633
871845 872554
878515 878640
908559 908754
910065 910159
919993 920892
927653 928083
937971 938431
952859 956047
965280 969003
969829 969892
971980 972775
996981 997131
1065967 1068143
1132640 1138879
1139775 1140844
1168509 1169313
1169917 1174343
1210799 1225364
1240355 1241662
1242361 1242576
1272396 1274640
1301416 1301855
1303237 1303921
1305416 1307054
1396142 1400381
1410299 1410956
1426559 1427149
1481736 1482139
1513202 1520323
1559609 1562682
1575797 1575977
1583175 1583276
1681561 1681654
1684436 1685253
1686252 1718558
1720366 1724356
1750035 1750210
1759303 1761298
1774829 1792821
1798918 1799265
1813125 1813315
1817734 1819301
1826370 1830512
1833620 1833726
