NZ_CP007471.1_Haemophilus_influenzae_strain_C486__complete_genome
106978 108121
109483 110814
202765 203545
218618 218768
258341 258708
271389 271484
281121 284228
300088 300505
320800 320869
335057 337655
376557 381965
383907 383991
392708 393859
566785 567059
577157 577918
590033 590656
599411 599464
681864 682121
722416 722696
731717 733790
764222 767859
795591 797792
849885 851014
920717 922282
937960 939041
952859 956047
965284 969003
971979 972770
1066197 1069921
1135154 1140844
1223286 1223509
1269021 1269244
1345355 1345646
1513552 1517809
1559609 1562682
1575845 1576001
1583175 1583276
1618993 1619097
1681556 1718553
1759303 1763681
1774829 1776053
1789340 1794503
1813125 1813315
1817650 1819301
1827005 1830341
1833620 1833726
