NZ_CP007471.1_Haemophilus_influenzae_strain_C486__complete_genome
46894 52554
91055 93547
140080 140294
172456 172837
189091 198661
203460 203564
218621 218771
226990 228243
229452 239261
254619 254680
258283 260527
270318 274127
298108 298297
300119 300209
306913 307096
316968 323954
324224 324407
328644 334428
334518 337529
376600 382090
383589 384098
392499 395494
429870 431273
434566 434657
436338 438332
496060 496205
498625 499064
566785 567059
577157 577918
599747 599839
616706 616829
643110 648529
654626 654765
681543 682579
700638 701012
705527 706031
707236 707583
731513 733265
733674 733790
749020 749150
752481 752946
762421 767942
795540 801011
846231 852633
871829 872556
878515 878640
907499 907711
908559 908754
910065 910159
918417 918906
924218 924272
927653 928083
937971 938431
961862 962355
965280 969003
969829 969892
971980 972775
1064372 1070109
1120385 1120447
1135204 1140885
1166249 1166968
1167475 1168073
1168503 1169307
1169917 1174343
1210799 1225801
1240355 1241662
1242361 1242576
1272493 1272710
1301416 1301855
1303237 1307054
1373982 1374146
1386176 1386587
1387191 1387536
1399044 1399531
1399815 1401375
1410299 1410956
1421419 1421503
1426559 1427149
1481736 1482139
1513976 1517759
1552041 1552154
1559590 1562663
1575797 1576016
1583171 1583276
1683021 1683545
1684436 1686200
1691761 1693735
1701132 1701442
1703763 1703887
1705467 1705609
1707753 1707833
1711651 1711814
1712260 1712661
1720366 1724356
1739152 1739273
1750035 1750210
1759303 1761298
1774667 1775392
1790972 1792688
1817736 1823625
1826370 1830512
