NZ_CP007471.1_Haemophilus_influenzae_strain_C486__complete_genome
46894 52554
64202 64306
91055 93547
140080 140294
172456 172837
189090 198674
203124 203562
218620 218770
226990 228243
229452 239261
254564 258239
271391 272001
274129 284228
298185 298300
300118 300625
307194 309986
316971 324495
328644 330523
334393 334518
357417 357513
365421 366116
376600 378725
380571 382048
384038 384098
392156 395494
429870 431273
434565 434625
496043 496147
498625 498839
566785 567059
589724 589779
599443 599496
623767 624069
643110 648529
654626 654765
681515 682545
700638 701012
722416 722696
732970 734780
749020 749150
762421 767942
797361 801070
810207 811161
846233 852633
871845 872554
878404 878640
894216 894309
908559 908754
910065 910159
920223 920892
922193 924272
927653 928083
937971 938431
952859 956047
961862 962355
965280 969003
969829 969892
971980 972775
996981 997131
1066197 1070109
1122978 1123064
1132640 1140844
1168509 1169313
1169917 1174343
1210799 1226308
1240355 1241662
1242361 1242576
1272396 1274640
1301416 1301855
1303237 1304624
1305416 1307054
1387218 1387536
1396142 1400381
1410299 1410956
1421429 1421503
1426559 1427149
1481736 1482139
1513202 1520323
1552041 1552154
1559590 1562663
1575797 1575977
1583175 1583276
1681561 1681654
1683021 1683265
1684436 1685864
1686252 1718558
1720366 1724356
1750035 1750210
1759303 1761298
1774829 1792821
1798918 1799265
1813125 1813315
1817734 1819301
1826370 1830512
1833620 1833726
