NZ_CP007471.1_Haemophilus_influenzae_strain_C486__complete_genome
21948 52548
87374 87535
91055 92104
93373 93521
114298 124830
135587 153857
182789 183952
189086 198674
203459 203563
206494 206638
212947 213926
214012 218871
225477 229829
238910 258708
271380 271700
298090 298300
300213 306643
316971 323826
328644 330523
333970 337529
342058 342774
350003 353363
357417 357513
365421 366116
376600 378528
378653 378828
381198 381305
391985 402606
412462 413322
429866 434656
440310 449758
455194 495346
496043 496147
506974 515067
523733 532067
536955 548313
559122 567059
589780 590656
616698 616820
620476 620568
623805 625109
643107 648526
651508 654119
681515 682569
700638 701012
731777 734749
752451 753792
764222 764404
765187 765294
767664 767839
767986 777064
797361 820055
827738 827800
846231 852633
860136 860188
868883 872554
894042 899343
905151 930718
934531 943422
952666 952848
953996 962355
965343 968888
973767 1005811
1007610 1028451
1052028 1052149
1057812 1064432
1067409 1067516
1069903 1069998
1070145 1070238
1074357 1077585
1090429 1090496
1107840 1123124
1130564 1139632
1158472 1166939
1167192 1169056
1169135 1197919
1210778 1225372
1225709 1226380
1238131 1247890
1256417 1256474
1261084 1272753
1273588 1274658
1291301 1291376
1301033 1324409
1331886 1341045
1359368 1409870
1410297 1411174
1417773 1441605
1441822 1463260
1477287 1477586
1479120 1482409
1513132 1524753
1541063 1552154
1559589 1562662
1572766 1572950
1575830 1576003
1583175 1583276
1602563 1606397
1617262 1622005
1626868 1630537
1667598 1668001
1681556 1686307
1700824 1701013
1705467 1718553
1739152 1739273
1761079 1761374
1773732 1782642
1790030 1792688
1813145 1813224
1817650 1830510
