NZ_CP007471.1_Haemophilus_influenzae_strain_C486__complete_genome
106978 108121
109483 110814
202765 203545
218618 218768
254564 255033
260455 260573
270318 278424
281121 284228
300088 300505
306559 307100
320814 320883
335224 337655
357417 357513
376557 380578
392076 395348
434565 434656
496044 496147
566785 567059
577157 577918
590033 590656
599411 599464
681515 682596
700638 701012
722416 722696
731717 733790
764222 767942
797361 801070
849758 851088
878404 878526
918417 924272
937960 939041
952859 956047
962039 962355
965284 969003
971980 972771
1064379 1070109
1135154 1140844
1170263 1170370
1217180 1217339
1223636 1226283
1268797 1269327
1345355 1345646
1387272 1387405
1393152 1393334
1513482 1517809
1552041 1552154
1559590 1562663
1575845 1576001
1583175 1583276
1618993 1619097
1681556 1718553
1759303 1763681
1774829 1776053
1789340 1794503
1813125 1813315
1817650 1819301
1827005 1830341
1833620 1833726
