NZ_CP007471.1_Haemophilus_influenzae_strain_C486__complete_genome
106978 108121
109483 110814
202765 203545
218618 218768
254887 255033
258198 258708
270318 278424
281121 284228
300088 300505
306592 307067
320814 320883
335317 337655
376557 382015
383907 384041
393629 395011
566785 567059
577157 577918
590033 590656
599411 599464
681548 682512
722416 722696
731717 733790
764222 767909
795541 800726
849758 851055
878437 878493
918450 918588
920717 924083
937960 939041
952859 956047
965284 969003
971979 972770
1066197 1069921
1135154 1140844
1170263 1170370
1225361 1226250
1345355 1345646
1513517 1517809
1559590 1562663
1575845 1576001
1583175 1583276
1618993 1619097
1681556 1718553
1759303 1763681
1774829 1776053
1789340 1794503
1813125 1813315
1817650 1819301
1827005 1830341
1833620 1833726
