NZ_CP007470.1_Haemophilus_influenzae_strain_477__complete_genome
6614 6776
28854 28945
58906 59043
65423 71817
73400 73514
128125 128176
156435 158948
189577 193021
195360 196466
258710 259384
332943 337873
474571 481465
533844 533979
588783 589037
660221 660357
668379 668554
717888 718236
732095 732285
736708 753053
770262 770427
888669 889451
1012492 1012611
1016570 1016662
1049420 1050318
1179962 1180395
1185437 1190206
1306252 1306906
1317951 1318213
1335866 1338998
1387723 1388563
1447942 1448553
1463099 1465341
1466224 1466345
1491277 1492269
1493924 1494052
1497963 1501496
1502627 1502731
1503596 1503714
1503948 1507033
1587234 1589853
1679479 1681349
1707876 1707961
1734361 1734856
1738254 1738365
1749595 1750669
1766779 1767041
1777649 1780081
1805075 1808339
1828156 1831786
1844304 1846259
