NZ_CP007470.1_Haemophilus_influenzae_strain_477__complete_genome
1 2381
6614 6776
28854 28945
55694 55861
58906 71586
100726 101161
102804 104096
142164 142641
156435 158948
191262 193021
224246 224944
228729 229688
229957 230315
230869 231438
258711 259384
310955 311070
323046 323457
324061 324406
335841 337873
351866 352007
353047 353363
359173 359421
383159 383243
474571 478925
513165 513278
533843 533949
584804 585284
588420 589659
657417 657538
668379 668554
692831 693653
708269 711781
736706 738290
745710 749814
754149 754314
770262 770427
827428 827547
888669 889451
1012412 1012473
1017835 1018336
1045990 1051914
1150124 1150439
1156431 1157996
1179962 1191781
1202957 1203169
1216412 1216668
1292718 1293636
1302810 1303119
1307993 1308477
1337243 1337570
1347835 1362964
1364165 1364669
1369184 1369558
1387606 1388618
1463085 1485926
1487543 1488429
1491477 1492123
1493134 1497756
1498285 1507269
1510388 1510826
1515271 1515372
1537095 1537859
1587658 1589827
1679479 1681349
1686390 1686610
1714695 1724387
1732764 1734771
1738332 1738456
1766779 1767041
1778955 1780872
1780959 1781323
1789052 1789235
1795522 1796033
1807728 1807911
1829037 1829763
1831483 1832854
1842715 1846259
