NZ_CP007470.1_Haemophilus_influenzae_strain_477__complete_genome
1 322
2182 2381
6614 6776
28854 28945
55546 55800
58906 59043
65423 73514
102804 104096
142164 142549
156435 158948
189577 193021
195360 196466
228983 229903
237376 237432
258710 259384
322997 323549
324088 324406
332943 337873
352996 353413
383169 383243
474571 481465
513165 513278
533844 533979
589194 589448
660221 660357
668379 668554
717888 718236
732095 732285
736708 753053
770262 770427
888669 889451
1012357 1016049
1045990 1050088
1150124 1150439
1179962 1180395
1185437 1189976
1216462 1216805
1232419 1232493
1302759 1304951
1306252 1306452
1317951 1318213
1335866 1338998
1369184 1369558
1387640 1388646
1447942 1448553
1463099 1465341
1465454 1465776
1466224 1466345
1484148 1484964
1485681 1485926
1491277 1492351
1492919 1493211
1493924 1494052
1497883 1501496
1502627 1502731
1503596 1503714
1503948 1507033
1587234 1589853
1679479 1681349
1686390 1686610
1724399 1724694
1732764 1738448
1749974 1750669
1758589 1758686
1766779 1767041
1777649 1780081
1805075 1808339
1828156 1831786
1844534 1846259
