NZ_CP007470.1_Haemophilus_influenzae_strain_477__complete_genome
1 2173
6614 6776
24152 24251
28904 29066
55694 55861
58906 59043
67909 72036
72201 73514
99544 100057
102200 104682
141100 143093
156435 159871
189761 190162
191262 193021
195486 196527
220578 224162
224994 241943
258711 259384
275944 277961
335839 337873
346618 372709
442646 442888
458129 458562
474571 478979
533822 533952
576930 577034
588420 589659
707579 713309
732095 732285
736617 738130
745344 749846
752954 753053
770262 770427
812899 815783
827428 827547
854282 857494
870923 872066
873428 874731
888606 889532
953375 962985
986525 986594
987799 997052
1012696 1016024
1046023 1050088
1145489 1146080
1146920 1147196
1171672 1172716
1180217 1180405
1182796 1191748
1201352 1202108
1216412 1216668
1232383 1232460
1292718 1293636
1303005 1303256
1308311 1308511
1317951 1318213
1321544 1321628
1337237 1339003
1356034 1369259
1387673 1388613
1415395 1415534
1447942 1448553
1462813 1493896
1494177 1505112
1505296 1512670
1524408 1537848
1583010 1583150
1587207 1587438
1587498 1589826
1618768 1619222
1679479 1681349
1686320 1687293
1720672 1724387
1732821 1739507
1766779 1767041
1778441 1780081
1780967 1784809
1795522 1796037
1807757 1824733
1830288 1831643
1844534 1846259
