NZ_CP007470.1_Haemophilus_influenzae_strain_477__complete_genome
1 2348
6614 6776
28854 28945
55694 55861
58906 70554
102978 104063
142356 143016
156435 158948
191262 193021
228729 230315
231052 231196
258711 259384
310955 311070
323126 323424
335841 337873
353047 353333
359173 359421
474571 474624
474789 478925
533843 533949
584804 585284
588420 589659
657417 657538
668379 668554
692831 693653
708269 711781
736706 738290
745710 749814
754149 754314
770262 770427
827428 827547
888669 889451
1017835 1017931
1046023 1051881
1156431 1157996
1179962 1191748
1202990 1203136
1216412 1216668
1292718 1293636
1307993 1308444
1337243 1337570
1347835 1347928
1362619 1362965
1364165 1364669
1369217 1369396
1387639 1388585
1463877 1485851
1487543 1488429
1491511 1492123
1493731 1497756
1498314 1507215
1510388 1510829
1537087 1537848
1587658 1589403
1679479 1681349
1714695 1724387
1732797 1737781
1766779 1767041
1778955 1780081
1795522 1796033
1829037 1829763
1831483 1831786
1842748 1846259
