NZ_CP007470.1_Haemophilus_influenzae_strain_477__complete_genome
1 2510
22745 24174
28903 29065
40414 50765
55595 55882
63369 100057
100276 100505
101238 142111
142549 165187
173714 173771
178377 190427
210705 210781
212364 219265
220439 253165
258525 259320
266851 267270
275943 277961
296341 346189
346616 359678
361707 364305
366865 372928
379513 388390
400098 402758
402974 424411
438436 438735
440269 443386
458212 458356
474543 485875
502187 513117
530780 533976
560548 589648
626730 627236
657417 657538
677654 677943
691932 700827
700994 711781
736617 749814
754149 754314
770262 770427
787931 788677
812790 827547
850572 850761
854377 856132
878215 878339
889587 889675
899181 899230
900427 918523
947075 948237
966194 966330
972645 978407
985012 1018312
1036813 1045691
1045777 1049661
1051604 1058476
1064153 1064252
1087867 1108709
1110508 1142405
1145489 1146080
1146900 1147204
1156431 1158062
1167345 1179684
1179962 1182785
1185609 1186321
1191492 1191645
1197213 1211341
1211427 1216980
1245890 1245942
1254623 1254813
1276081 1276143
1283824 1306676
1308406 1308482
1317106 1321628
1330871 1339000
1388398 1388679
1407780 1415534
1416036 1418655
1439628 1444287
1448065 1448565
1462813 1512670
1524408 1525041
1547944 1548442
1548524 1555930
1566741 1587428
1587498 1610858
1618768 1621633
1622357 1623704
1668056 1677497
1679479 1687297
1703842 1704701
1714555 1724650
1724786 1724879
1734591 1738715
1749974 1750669
1762752 1767041
1772524 1773242
1777649 1780880
1791081 1795912
1810179 1824734
1830288 1830986
1842730 1846259
