NZ_CP007470.1_Haemophilus_influenzae_strain_477__complete_genome
1 2326
6614 6776
28854 28945
55694 55861
58906 70554
103409 103626
142378 143134
156435 158948
191262 193021
228729 230315
231052 231196
258711 259384
310955 311070
323148 323402
335841 337873
359173 359421
474571 478925
533843 533949
584804 585284
588420 589659
657417 657538
668379 668554
692831 693653
708269 711781
736706 738290
745710 749814
754149 754314
770262 770427
827428 827547
888663 889445
1046045 1051859
1156431 1157996
1179962 1191644
1216412 1216668
1292718 1293636
1308293 1308422
1337243 1337570
1347835 1347928
1362619 1362965
1364165 1364669
1387550 1388122
1440163 1440622
1463899 1465248
1465878 1485851
1487543 1488429
1491511 1492137
1493924 1497756
1498314 1505321
1510388 1510829
1537087 1537848
1587658 1589403
1679479 1681349
1714695 1724387
1732819 1737759
1766779 1767041
1778955 1780081
1795522 1796033
1829037 1829763
1831483 1832816
1842770 1846259
