NZ_CP008740.1_Haemophilus_influenzae_2019__complete_genome
4422 4539
28120 45622
46236 54167
55469 65129
65768 67832
68537 74208
74763 83239
83360 121902
129266 132439
132522 132624
132886 138921
139928 140422
146634 147330
150322 161957
162480 162668
163216 165058
165336 174101
179709 184132
184668 184847
185183 187462
193264 198875
220362 224033
232723 232775
240278 245972
264408 264470
272216 273294
279329 285347
285482 285687
287430 287547
288170 288280
289064 289246
309541 309634
318830 324478
333269 334851
338152 338236
347455 351546
351670 352778
353013 353582
354503 397787
398550 404970
433306 435928
456901 458201
461437 461536
465191 465313
479508 505033
505157 526857
562183 562368
562907 570021
580831 581406
581921 603768
604278 615353
615882 616407
616929 617270
618846 619586
621008 622306
633933 634742
656350 656514
665358 665467
679888 682295
683983 685558
686069 689329
698623 699412
707290 722091
727916 729164
731227 731391
735053 739244
747316 752995
764915 768533
783112 784029
789512 797483
798109 803349
809821 814646
824890 828294
848449 849706
861427 861622
863915 865163
868922 883255
890820 903578
910183 914789
915773 915953
922269 922423
925739 926088
970621 972189
972895 977641
978280 988715
989912 990126
990692 1019054
1025207 1028127
1029062 1032110
1032739 1051769
1055384 1056792
1091622 1092189
1092860 1093554
1093819 1097357
1158984 1162986
1165727 1172076
1196898 1199439
1207137 1210682
1211258 1215658
1225756 1230991
1232289 1241558
1252316 1252437
1263088 1263138
1264461 1305118
1353515 1364363
1365681 1367510
1378374 1378622
1379158 1382205
1408790 1409075
1411953 1412141
1440092 1440613
1440852 1441062
1457380 1495749
1496002 1496373
1496928 1538925
1551648 1560743
1566325 1566410
1593476 1593895
1601377 1605447
1606417 1611688
1611918 1616827
1617448 1619254
1619850 1620158
1621071 1622258
1623091 1625405
1625832 1629625
1630614 1630869
1631275 1631866
1632398 1633206
1633817 1634417
1635591 1642493
1644076 1644132
1661483 1662553
1663388 1689501
1693049 1698933
1699711 1700881
1701439 1704192
1715943 1730372
1730586 1740069
1742156 1746193
1747637 1766198
1768435 1769984
1770544 1782548
1783009 1783302
1789892 1791721
1792080 1813749
1813965 1835393
1849425 1849724
1852466 1853182
1853851 1854340
1854460 1869583
1885557 1894551
1902111 1917325
1934658 1951611
1955643 1955961
1956089 1963327
1963863 1968418
