NZ_CP008740.1_Haemophilus_influenzae_2019__complete_genome
48945 50369
52170 62448
82471 83238
117397 121902
125248 126041
128129 128198
129038 129149
129426 129556
146634 147324
152806 153832
162235 162668
168525 172692
183848 184043
214277 214402
220362 221071
240278 245970
289604 290982
318830 324555
334590 334830
352451 353871
354505 356062
364404 388240
404410 404970
424899 425053
432661 432803
483230 483382
484438 484554
509182 516933
517056 520729
522114 525480
538627 539275
630440 630654
656350 656514
665293 665402
674303 674441
699082 699364
707284 708531
735995 738720
747318 752711
752847 768531
768752 768836
779720 784029
794140 796299
797385 799496
800460 803349
805947 806145
809829 811070
813402 814646
822025 822626
847949 849708
861332 861807
863909 865163
868825 874279
882003 883250
890981 891151
900405 900787
925650 926056
951643 952024
999453 1008440
1022870 1024696
1026435 1027161
1055461 1056706
1079868 1079972
1094029 1094572
1095376 1097248
1121469 1121610
1161409 1171986
1190318 1190665
1196773 1199437
1201437 1201671
1213859 1214779
1225710 1228024
1263088 1263138
1264461 1305109
1365681 1365778
1367051 1367118
1408824 1409078
1440092 1440339
1461828 1466881
1495754 1501254
1501867 1501969
1538841 1539219
1551648 1551823
1618802 1618940
1619275 1619618
1619850 1621273
1621743 1623806
1624120 1624611
1625832 1626679
1626811 1627477
1627857 1628461
1630452 1630869
1631212 1632650
1658363 1659145
1661501 1662553
1662743 1664809
1665402 1666240
1666380 1668214
1669031 1670143
1670317 1673472
1675575 1675637
1676252 1676732
1689113 1689501
1695186 1702728
1726033 1727334
1727875 1730195
1740496 1742725
1743179 1757699
1763042 1766150
1768435 1780619
1781239 1783083
1791606 1791721
1794157 1794416
1853874 1854275
1863564 1863976
1885627 1885774
1885930 1894415
1948070 1948558
1955643 1961774
