NZ_LN831035.1_Haemophilus_influenzae_genome_assembly_NCTC8143__chromosome___1
131932 131999
275417 275835
304286 309401
319232 323197
374435 377466
413043 413425
420210 422958
431815 431897
433334 436526
674745 677157
678779 679051
689210 690499
705870 705993
765295 766988
805167 805226
846676 848186
860957 862035
963236 963308
967891 969425
1145670 1150791
1205725 1206060
1218089 1222683
1222844 1223812
1339091 1339372
1345778 1346429
1417695 1417750
1449126 1451338
1469369 1470148
1594699 1594808
1627582 1630029
1685020 1692430
1886464 1890645
