NZ_LN831035.1_Haemophilus_influenzae_genome_assembly_NCTC8143__chromosome___1
269999 270060
275417 275918
303572 309484
319328 323197
347433 347616
359309 359399
366101 366284
374018 377468
413043 413425
420210 423150
431559 437251
469717 469937
473299 473374
564800 565721
639335 639427
643648 643803
649171 649579
653519 653695
655119 655862
659027 659719
660939 661111
674745 677157
678779 679051
688701 691341
705870 713279
765377 767499
785543 785917
846131 851796
860957 862035
951432 951644
962820 963308
968183 969425
1009035 1009351
1026539 1026619
1032878 1033188
1048505 1050386
1051020 1051380
1145587 1151513
1177976 1178084
1205725 1206060
1218089 1223812
1315268 1315352
1339091 1339372
1345182 1346679
1374588 1374933
1417695 1417750
1449126 1451338
1468747 1469317
1470537 1471268
1475289 1475987
1555031 1556001
1594088 1595276
1596919 1597517
1626516 1630029
1664315 1664428
1685020 1692430
1881487 1881588
1886464 1890645
