NZ_LN831035.1_Haemophilus_influenzae_genome_assembly_NCTC8143__chromosome___1
1358 1603
4345 8237
8756 8936
12045 12144
71208 74092
112573 115778
129208 130351
131713 133048
146927 147070
210918 216109
220162 220511
244111 244180
245385 254638
269944 272167
303572 309530
320402 320512
330190 333297
347164 347620
359269 359686
370531 377263
377470 377592
397358 397455
413043 413425
419314 423535
435080 438302
469034 470007
473344 473419
535404 535858
564801 568185
572240 572380
629618 630241
639031 639084
642039 658963
659316 691613
738458 738597
765349 767516
785543 785917
791637 805167
806475 806755
815614 816822
832980 833064
836395 836657
847932 851850
860957 862035
922280 922390
952493 953249
962820 964805
968046 969425
974713 975112
975392 975752
982714 983758
997575 1003026
1008842 1009351
1012279 1012555
1013395 1013986
1016375 1052841
1087376 1088800
1145594 1151513
1173244 1173343
1177939 1179144
1205507 1205842
1218089 1222711
1222844 1223812
1239863 1240296
1255539 1255781
1325800 1351934
1360874 1362389
1362673 1363079
1368789 1368971
1374719 1374852
1416373 1423083
1449126 1451338
1458250 1475239
1476071 1478291
1503930 1504972
1509386 1513265
1540063 1540278
1555042 1557064
1593502 1595880
1598023 1598536
1624657 1630045
1664315 1664428
1685039 1692430
1728151 1728255
1807602 1807725
1818489 1818698
1842873 1843713
1857653 1862702
1881329 1881666
1886071 1887672
