NZ_LN831035.1_Haemophilus_influenzae_genome_assembly_NCTC8143__chromosome___1
1 12144
85750 85841
269944 270198
272058 272136
273437 273637
303572 307665
320372 333354
347164 350429
359308 359815
397358 397455
405376 406071
413043 413425
421170 423490
431559 431619
433610 437243
469717 469937
475056 475113
564783 568167
639031 639084
643880 646051
649210 655590
655887 660458
661014 662673
663991 691327
765349 767465
785543 785917
805118 806755
815619 818742
836395 836657
846131 851850
860947 862035
922280 922354
938021 938120
964625 969425
997575 1003026
1009035 1009351
1016375 1051380
1052708 1052841
1076719 1076896
1087376 1088800
1147412 1151513
1177976 1178084
1205578 1205999
1215576 1221668
1315268 1315342
1345132 1346429
1360874 1365980
1374588 1374906
1375442 1376000
1439754 1451338
1462764 1462820
1469286 1469754
1470322 1470659
1471333 1471503
1503991 1505102
1507458 1510354
1555616 1556001
1594088 1595276
1624657 1624766
1626008 1632592
1664315 1664428
1685039 1685189
1692330 1692430
1749657 1749820
1807602 1807725
1842873 1843713
1858345 1861009
1867117 1867464
1881329 1881666
1886015 1890645
