NZ_LN831035.1_Haemophilus_influenzae_genome_assembly_NCTC8143__chromosome___1
131975 132042
275417 275513
303605 309451
319328 323197
374537 377466
413043 413425
420210 422958
431592 436576
649225 649576
655247 655829
674745 677157
678779 679051
688734 690549
705870 705993
765410 767466
785705 785884
805167 805226
846164 848186
860957 862035
951465 951611
962853 963308
967891 969425
1048538 1050353
1051141 1051347
1145620 1151480
1205725 1206060
1218089 1222676
1222844 1223812
1339091 1339372
1345728 1346429
1375570 1375868
1417695 1417750
1449126 1451338
1469319 1469431
1471179 1471235
1555031 1555809
1594121 1595102
1627582 1630029
1685020 1692430
1886464 1890645
