NZ_LN831035.1_Haemophilus_influenzae_genome_assembly_NCTC8143__chromosome___1
1 12144
85750 85841
275717 275863
307002 307895
320372 333354
347164 350429
359308 359815
405376 406071
413043 413425
421170 423158
433156 433810
473348 473419
475056 475113
564783 568167
639031 639084
643880 646051
649210 655535
655887 662673
664066 691327
765404 767410
805142 806755
815619 818742
836395 836657
846186 848355
860947 862035
962958 965048
968543 969425
997575 1003026
1016375 1048356
1048893 1050691
1052708 1052841
1076719 1076896
1087376 1088800
1147182 1148075
1215576 1222055
1360874 1365980
1439754 1451338
1469485 1469699
1471333 1471503
1503991 1505102
1507458 1510354
1624657 1624765
1626257 1632592
1685039 1685189
1692330 1692430
1749657 1749820
1807602 1807725
1842873 1843713
1858345 1861009
1867117 1867464
1881329 1881666
1886015 1890645
