NZ_LN831035.1_Haemophilus_influenzae_genome_assembly_NCTC8143__chromosome___1
303622 309429
319310 323197
374435 377466
413043 413425
420210 422958
431614 436554
674745 677157
678779 679051
688756 690527
705870 705993
713322 713781
765295 766988
805167 805226
846186 846315
860957 862035
962957 969425
1048986 1050331
1145642 1151458
1205725 1206060
1218089 1223812
1339091 1339372
1345750 1346429
1375592 1375846
1417695 1417750
1449126 1451338
1469341 1470176
1555031 1555787
1594699 1594808
1627582 1630029
1685020 1692430
1886464 1890645
