NC_000907.1_Haemophilus_influenzae_Rd_KW20_chromosome__complete_genome
83679 84473
86562 87153
87973 88614
97893 103606
117041 117439
123696 124065
125272 125527
126044 127121
142123 146497
154570 154762
156534 156669
234057 235440
242500 247742
250072 250672
257842 258106
261437 261521
277136 278734
287779 302866
354890 355028
426202 426963
442882 444029
473123 473263
506270 506724
528137 530604
534887 535048
550794 550934
574772 576122
609138 615534
623700 625446
626056 629221
656933 662258
662430 662581
672577 673311
674489 677663
677806 678194
693106 706568
706823 707035
723321 723738
753780 757180
759424 759899
771020 774898
816991 819197
828954 829283
833359 838562
902383 902526
922035 942944
969684 969803
1030161 1032638
1046067 1046165
1049275 1053174
1060299 1061891
1073504 1082590
1089275 1098154
1102568 1108427
1121728 1123551
1147565 1147778
1166764 1167239
1230915 1235468
1243242 1243345
1286357 1289407
1344838 1344965
1347191 1349197
1364758 1364905
1366363 1367829
1379395 1379469
1379730 1380154
1392588 1393597
1412780 1418727
1460449 1460745
1490885 1494534
1498706 1510897
1511256 1511629
1537123 1543553
1548957 1550016
1559717 1594398
1632222 1637540
1638721 1639234
1682948 1686182
1693173 1693865
1711535 1712035
1716416 1716658
1717140 1717388
1756157 1756660
1783074 1783236
1789221 1794491
1804748 1809045
1817006 1822141
1828778 1828897
