NC_000907.1_Haemophilus_influenzae_Rd_KW20_chromosome__complete_genome
4421 4542
28151 48994
50793 55458
59473 82686
86562 87153
88087 88657
101800 102206
103497 103972
117346 120071
120349 123436
123571 123777
126941 127121
128637 152324
152410 156725
157604 157818
186853 186905
195586 195776
216913 216976
224732 242274
242401 251211
256996 258104
261437 261521
270766 302864
354890 355028
355530 358149
379102 380483
383719 383818
387473 387595
437052 442935
443843 446149
456956 498360
506270 511353
528137 530604
534887 535048
550794 552794
558242 567680
569692 569749
571481 576124
592670 607070
610581 629517
629603 638407
657312 662542
674489 678194
689088 693368
698712 712488
718758 723604
731567 732931
739158 757180
771150 805863
812470 825657
843702 844847
873394 891464
892660 928036
946484 946626
969684 1008911
1030352 1031160
1049435 1061891
1066240 1066344
1077354 1077519
1080469 1081843
1082554 1098154
1104382 1106472
1115433 1124197
1136558 1147778
1158559 1158678
1166764 1167239
1193323 1193831
1230926 1231866
1240335 1245080
1255944 1259803
1286356 1289407
1303136 1324924
1325140 1350074
1356689 1357563
1357990 1380825
1393008 1393597
1402077 1402134
1406741 1416900
1418152 1418727
1432094 1446710
1465063 1474215
1481751 1513210
1522871 1522943
1542896 1543738
1543839 1633344
1633869 1638052
1638273 1638502
1638721 1665223
1711535 1712503
1714039 1717765
1756362 1771715
1783074 1783236
1789261 1812259
1816378 1816456
1816559 1828894
