NC_000907.1_Haemophilus_influenzae_Rd_KW20_chromosome__complete_genome
1 70
877 1270
4430 4846
7455 7807
8925 9252
16804 18339
19932 21516
22438 23200
23822 24457
27608 29666
30235 32296
35195 35533
36572 37250
40819 40885
42321 43041
45269 46446
48573 49348
51800 51947
56096 56254
60796 63996
69396 69993
72895 73248
76953 77411
79055 79419
82203 85006
86130 86253
87375 88660
97271 101441
102064 102147
102891 103607
104380 105238
115137 115368
116067 116468
118543 118636
120777 121745
122294 122560
122726 128815
130248 130300
130817 131385
132020 132521
135186 135654
136802 137361
137662 137826
138344 139492
140724 140976
142124 146498
148709 149096
154607 154803
155325 158408
163482 163652
165684 166272
170508 171392
173212 173338
173464 173681
175179 175429
177352 177806
180437 180760
183398 185092
185670 185950
186795 187799
192067 192191
192884 192943
198104 198993
201350 202617
204970 205240
206063 206675
207658 208749
209754 209926
210646 210899
212174 212588
215748 215817
217365 217453
219213 219459
223249 223333
225190 225861
228073 229253
233542 233888
233988 235440
240547 241507
242120 248270
248832 249327
250673 251273
251958 252131
252871 252991
254533 255163
263848 263934
265340 266686
267369 268037
270120 270366
272872 273352
274060 274337
275211 280292
282230 282699
284571 285136
285962 286936
287769 288048
289209 289366
289433 290213
293650 294624
295183 295937
296318 298831
299537 299814
300326 301394
302066 302524
302874 303196
304259 304412
308737 309000
309555 309701
311105 311293
311677 311778
313381 313940
319435 319924
321464 321545
323346 323789
324895 325490
327202 327929
328479 328683
330516 333183
334137 335467
339562 339729
342549 343392
347123 349032
349609 351391
353146 353467
355001 355162
356182 356255
359530 359645
364501 364599
366833 367095
367888 368470
369268 370548
372314 373101
373671 373933
374474 374552
375073 375324
376150 376900
378478 380165
380278 380579
386874 387986
388693 388785
394555 394678
396078 398028
399456 399765
400451 400586
401677 401795
402031 402244
402927 403354
403990 404360
404770 407449
407975 409218
409911 410003
411038 411590
412534 414732
421662 423129
423646 424756
428132 428385
429209 429792
431857 432411
436716 436869
437699 437900
438620 439617
443893 444005
445899 446611
447254 447592
448902 449750
450474 451834
454762 455323
459377 459718
461226 462210
463021 464714
465814 466024
466750 467280
469997 470214
474306 474830
475534 477105
478644 479456
481108 483630
484629 485737
490536 492021
493292 494527
495463 495813
496338 496419
497579 499156
499754 500543
501359 501694
503320 503544
505620 505739
506270 507325
510342 511021
514896 515899
518348 519912
520539 521125
523299 523550
524197 524611
528134 530604
530979 531142
532888 533029
533577 535048
536038 536268
537704 538221
538928 538986
539724 540554
546555 547423
548933 550934
554100 554335
554911 555415
556793 556964
557982 558097
558707 559443
561098 561680
563928 564435
565301 565912
567348 568109
569008 569749
573129 573720
574797 574961
575127 575435
575850 576260
577217 577284
578264 578594
579247 579371
580188 580767
581617 581672
585541 585854
587179 587483
588529 590504
591681 593119
593768 594971
596014 597097
597684 597766
599456 599731
600493 600733
601353 601699
602911 605019
606242 606879
607666 608621
609138 609233
610267 615534
617800 618138
618747 618813
619679 619822
621055 621824
622862 625411
626044 629253
629766 632658
634399 634523
635176 635455
637652 638074
638856 639007
639550 639875
640475 640833
641380 641475
643907 644274
645182 646381
647369 647713
648586 648981
649590 650616
651510 651915
652457 652707
654688 655536
656713 663720
665456 666293
666798 666893
667865 668060
669505 671088
672661 672971
674631 676936
677543 678336
679439 680237
681025 682055
684119 685507
689474 690500
692872 693603
698712 700198
700552 700675
701280 702359
703203 706533
706825 709091
710609 711415
712008 712488
713331 713626
714165 714218
715502 715729
716838 717295
719457 720717
723197 723699
728020 728119
730542 731918
732909 733368
734063 735188
735780 736214
736743 737319
738716 739061
741882 742326
744028 747773
748962 749146
750056 750341
751899 752266
753121 753791
756999 758035
758594 761136
761777 762042
764360 765295
766238 767406
768676 770343
770997 777058
778076 778402
782154 783126
783675 786489
788144 788769
789537 789987
792036 793663
795836 796175
797519 797781
798697 799824
800726 802707
803471 804351
805772 806138
809428 810889
812550 813478
816043 816232
816991 819211
819732 820393
822058 822686
823988 825282
825943 826629
827318 827780
828868 828924
829333 829641
831147 831293
833334 833883
834486 834938
836657 837442
838371 838712
839317 839578
841575 842019
845995 846286
847013 848301
848931 849173
850015 850484
853542 853614
855688 856277
857721 858409
859578 860200
860750 861049
863335 863399
865827 867062
871809 872102
874393 875268
878347 878470
880021 880378
880953 881789
882723 883949
885147 886728
889069 890015
893740 893811
894619 895093
896482 896824
897867 898503
899290 900362
900871 901219
902664 903071
905078 905143
905757 906160
907226 907485
914469 914782
916402 920264
921789 927400
928924 929167
931601 931809
935038 935230
935967 937303
940808 941044
943748 944365
944956 946340
946968 947124
947858 948265
948866 951351
952150 952649
953631 955270
955913 957058
957614 957849
961539 962070
962601 962718
964010 964853
965789 966231
970928 971700
973295 973776
974796 975843
976738 977038
980125 980543
982103 982166
984652 985402
986518 987236
989143 989287
990008 990620
992254 992505
995383 995756
1002664 1002828
1004385 1004767
1005690 1006072
1007347 1007812
1010392 1010792
1011650 1012054
1016001 1016074
1019908 1020238
1024992 1025184
1025846 1026209
1027781 1028026
1030077 1032506
1033064 1033612
1034149 1034717
1035864 1036309
1038038 1040385
1042164 1042852
1043417 1044020
1045016 1045581
1046067 1046165
1048443 1048509
1049839 1053377
1054986 1055121
1055735 1056275
1058209 1062434
1063385 1063485
1064493 1064675
1066011 1066278
1067178 1067777
1068309 1068832
1069643 1070673
1071403 1071636
1073504 1074457
1075613 1078614
1079222 1081353
1081887 1082590
1086693 1087517
1088587 1088924
1091586 1092317
1093366 1093767
1100834 1101438
1103421 1103778
1104262 1106471
1108617 1108691
1109735 1110753
1112508 1112758
1114665 1115011
1115854 1116030
1118145 1120672
1121279 1123638
1124635 1125703
1127106 1127830
1128466 1128705
1131618 1132692
1139091 1139142
1140345 1140873
1142019 1142270
1146256 1146545
1147722 1147779
1151455 1152821
1155862 1156814
1158626 1158955
1159980 1160645
1161875 1163416
1164095 1164252
1165477 1165724
1166514 1167239
1167896 1168350
1168956 1170865
1173909 1174548
1175121 1176297
1176912 1177917
1179775 1180516
1185633 1185879
1186413 1186723
1189029 1190190
1197453 1198357
1200246 1200687
1201345 1202259
1204699 1204977
1207627 1207709
1208435 1208707
1210264 1210414
1211100 1211491
1212297 1212794
1213839 1214970
1217885 1218503
1220935 1221630
1223741 1223907
1224471 1225739
1226632 1226831
1227447 1228836
1229660 1231289
1235005 1237035
1239850 1240237
1241204 1241334
1242102 1242213
1244240 1246399
1249283 1251504
1252051 1253304
1256723 1257178
1257974 1258420
1259461 1259545
1260721 1261204
1262455 1262504
1265048 1265500
1266312 1266524
1267841 1268013
1269573 1269828
1272366 1275467
1278185 1278835
1280251 1283182
1283707 1287162
1288243 1288508
1289503 1290051
1299171 1299947
1300896 1301678
1302227 1303787
1308039 1308301
1312617 1312921
1314837 1315022
1317518 1318464
1326316 1326376
1328857 1329194
1331288 1331414
1332801 1332902
1335103 1336001
1339521 1339698
1340663 1341122
1343883 1345189
1346309 1346408
1346791 1346925
1347191 1348770
1350274 1352231
1353458 1353783
1356907 1357561
1358100 1358343
1359793 1359891
1360928 1361141
1363978 1370765
1373062 1373185
1375849 1376000
1376967 1377330
1379730 1380154
1381548 1381962
1384120 1384737
1387134 1387248
1392588 1393597
1395169 1395323
1398120 1398768
1402914 1403757
1407786 1408355
1409001 1412370
1412780 1413007
1413566 1414414
1414728 1416173
1416845 1418838
1419850 1420122
1420780 1421324
1422082 1422680
1423249 1423698
1426934 1427727
1428984 1429656
1437694 1437776
1438661 1441002
1444347 1446576
1448014 1448491
1450529 1450739
1452441 1454878
1457568 1458475
1459001 1461811
1463667 1463749
1473570 1474116
1479321 1480112
1481360 1481809
1481884 1482382
1482957 1484727
1485976 1486379
1491124 1492502
1493032 1493129
1493284 1493449
1494100 1494534
1498773 1502088
1503056 1503580
1504050 1504201
1506327 1506427
1506563 1507209
1507456 1507629
1509386 1510550
1511256 1512974
1513961 1514408
1515036 1515179
1522231 1522897
1527516 1527933
1529124 1529470
1531880 1532416
1535987 1536355
1536865 1538088
1540300 1540397
1540942 1546082
1546205 1549146
1550761 1551696
1552227 1553576
1554308 1554715
1555007 1555648
1556159 1556843
1557357 1595738
1600240 1600855
1602321 1602986
1604677 1604864
1606554 1606991
1608658 1608816
1609596 1611191
1614885 1615125
1618474 1620010
1621974 1624080
1629564 1630267
1631666 1631804
1632142 1632412
1633242 1637540
1647742 1647980
1650898 1650970
1651554 1651862
1653956 1654197
1657755 1657815
1659834 1660776
1664151 1666479
1666556 1667638
1670213 1671850
1674961 1675288
1680006 1680450
1681593 1682731
1682816 1686325
1690354 1690642
1693053 1693865
1695403 1695967
1697856 1698783
1704211 1704879
1705910 1706238
1707111 1707356
1708377 1710657
1715800 1716735
1716891 1717499
1718388 1719883
1721009 1721609
1722463 1722578
1724331 1724563
1727076 1727262
1728001 1728769
1733569 1733939
1734455 1734861
1736173 1736335
1738063 1738381
1740218 1740725
1743407 1743912
1744874 1745455
1747405 1748491
1752950 1753492
1754182 1754416
1756109 1756555
1758741 1759247
1764006 1764515
1767588 1768098
1768895 1769453
1775613 1776009
1778722 1778902
1780500 1780912
1783194 1783285
1783704 1783865
1785432 1786018
1787819 1787879
1788952 1790480
1791283 1791945
1793081 1794985
1796733 1796886
1801784 1802617
1804748 1806833
1807430 1808103
1808647 1809045
1811157 1811968
1813479 1813729
1816400 1822148
1823523 1823641
1828055 1828546
1828778 1828897
1830032 1830138
