NC_022356.1_Haemophilus_influenzae_KR494__complete_genome
1 16782
25802 46210
57014 57969
70646 75765
75858 78582
93339 93465
107174 107357
118144 120756
123993 142320
163078 179207
193839 204045
220592 220828
234155 240800
248804 250727
253181 260618
267607 267871
279937 291815
296251 299600
299718 300026
300159 300447
306630 306828
309053 320619
326057 326200
365087 368947
376162 377503
388620 391727
403690 404185
406438 406539
407379 409427
420442 431660
437974 446493
454705 455054
459113 464322
469457 469558
498477 517951
519148 519245
554059 580564
601811 604249
617664 617763
620874 632949
637432 642639
661255 667120
674127 715504
716018 716966
717187 729062
739151 743357
763386 763509
806344 807106
836104 856833
857088 857190
857273 860656
863634 864428
865421 868263
886690 889052
889331 893230
894216 896528
923146 923334
926209 926373
941965 942289
949847 963798
964015 986849
993442 1029507
1029760 1031631
1032057 1061186
1074043 1080219
1091970 1094800
1104912 1112598
1126335 1131081
1139753 1140302
1146388 1146780
1148160 1163333
1164505 1198536
1217408 1218451
1220913 1222699
1223533 1224452
1243428 1261348
1272093 1280213
1296654 1299461
1299566 1310535
1311424 1312410
1329208 1345163
1345246 1345441
1368970 1375337
1380048 1389814
1407147 1407928
1420802 1431645
1435749 1440219
1442159 1449256
1454917 1455215
1456532 1460275
1471136 1472470
1480724 1483573
1488421 1488941
1492032 1492737
1553346 1575765
1577564 1634417
1660758 1661106
1661192 1661564
1661911 1662152
1663911 1665750
1676175 1692754
1710002 1722529
1729758 1735954
1736298 1742939
1748743 1751830
1755486 1755604
1794222 1794983
