NC_022356.1_Haemophilus_influenzae_KR494__complete_genome
1 252
1460 46210
57014 57969
67215 71278
107173 107356
118140 120756
123993 133638
150231 153225
153948 179207
184279 184528
193839 194631
196640 204045
220592 220828
224977 240652
248804 250727
252792 258173
260236 260618
267607 267871
279937 291815
291881 300447
306459 306828
310502 320619
326057 326200
365087 368947
376108 379957
384259 404180
420567 431660
437974 451394
469457 469558
479514 479895
498477 517951
519148 519244
554711 556338
578755 580564
601811 604249
620993 624398
627139 633085
637754 642624
663072 666430
674092 700767
706822 708190
715279 715465
718220 718354
720152 729062
743053 743357
752451 752626
778296 782286
806344 807106
836104 844838
845986 846998
860149 860656
861476 861545
863624 864428
865421 865471
886690 893230
894216 896560
923133 923334
926209 926373
941965 963798
964015 986849
993442 1029512
1029731 1031631
1032057 1074169
1079153 1080219
1091970 1094800
1104912 1112598
1130948 1131081
1139753 1140302
1146388 1146780
1148160 1163333
1164505 1179224
1181638 1198551
1220913 1222699
1223533 1224611
1238095 1250042
1250342 1279078
1296516 1310535
1311424 1312410
1344012 1345162
1368970 1380258
1382252 1382747
1385302 1389814
1405894 1431645
1435749 1437476
1441842 1449256
1454897 1455216
1457913 1472473
1480724 1483573
1492032 1492737
1553345 1553471
1577564 1583683
1610958 1634038
1652962 1661106
1661192 1661564
1661911 1662152
1663911 1667006
1676175 1702263
1710002 1720694
1722033 1742939
1748743 1751829
1772527 1772733
1781541 1782189
1794222 1794983
1805566 1813468
1856028 1856176
