NC_022356.1_Haemophilus_influenzae_KR494__complete_genome
16582 46210
57014 57969
67215 67345
70646 71278
107174 107356
118140 120756
123993 129299
130211 142320
150456 150670
153147 153251
153948 163763
178891 179207
182125 182325
193839 194631
203614 204045
220592 220828
234948 240906
248804 260618
275786 284594
291819 299640
299716 300067
300159 300447
306630 306828
310502 320619
326057 326200
365087 368947
377192 380837
384259 391784
396087 396176
403690 404185
406008 411434
420596 431660
437974 451404
469457 469558
479514 479895
498477 517951
519148 519244
542321 580564
601811 604249
617664 617763
621036 624398
627139 633085
637432 642639
656501 656847
662947 715504
716018 716966
717187 729062
743053 743357
752451 752626
763386 763509
778129 782119
806344 807106
820516 820590
836104 856833
857088 857190
860149 860656
861476 861545
863624 864428
865421 865471
886690 893230
894216 923370
926209 926373
941965 963798
964015 967622
979330 986849
993442 1029512
1029731 1031631
1032057 1080219
1091970 1094800
1104912 1105193
1112082 1112598
1130948 1131081
1139753 1140302
1146388 1146780
1148160 1163333
1164505 1198551
1203154 1218574
1220913 1222693
1223533 1224452
1236630 1280213
1296516 1310696
1311424 1312410
1329208 1345235
1368902 1380224
1382252 1382747
1385863 1389814
1405894 1431645
1435749 1440302
1442291 1449256
1454897 1472473
1481714 1483573
1488421 1488941
1492024 1492726
1553346 1575765
1577565 1583683
1587691 1632650
1652955 1653012
1661405 1665750
1676175 1702263
1710002 1711421
1711689 1722529
1729758 1742939
1748739 1751831
1755486 1755604
1781541 1782189
1805566 1833045
1849315 1851513
