NZ_CP007471.1_Haemophilus_influenzae_strain_C486__complete_genome
106978 108121
109483 110814
202765 203545
218618 218768
256401 256769
257286 258071
258681 260491
271389 271484
281121 284228
300088 300505
320800 320869
334345 337655
366290 366579
376557 382272
383907 383991
392397 393859
566785 567059
577157 577918
590033 590656
599411 599464
722416 722696
731717 733790
762437 767859
795591 800676
849885 850685
919381 923771
937960 939041
952859 956047
965284 969003
971979 972770
1064462 1069921
1135154 1139570
1140735 1140844
1170263 1170370
1265937 1266996
1345355 1345646
1513552 1522332
1559609 1562682
1575845 1576001
1583175 1583276
1618993 1619097
1681556 1718553
1759303 1763681
1774829 1776053
1789340 1794503
1813125 1813315
1817650 1819301
1827005 1830341
1833620 1833726
