NZ_CP007471.1_Haemophilus_influenzae_strain_C486__complete_genome
46894 52554
91055 93547
109749 109808
140080 140294
172456 172837
189091 198661
203460 203564
213868 213927
218620 218770
226990 228243
229452 239261
254709 255198
256458 258081
259677 260444
271404 274127
298108 298297
316968 324495
328644 337529
366259 367268
376600 378601
379247 383843
392555 395494
429870 431273
436338 438332
496060 496205
498625 499064
566785 567059
577157 577918
616706 616829
643110 648529
654626 654765
682056 682639
700567 700695
705527 706031
707236 707583
731513 733265
733674 733790
749020 749150
752481 752946
762504 764043
764602 767859
795623 800384
846231 852633
871829 872556
878515 878640
908559 908754
910065 910159
918834 920722
922473 924189
927653 928083
937971 938431
965280 969003
969829 969892
971980 972775
1064626 1064835
1065343 1069920
1120385 1120447
1130597 1139472
1139538 1140885
1166249 1166968
1168509 1169313
1169917 1174343
1210799 1225364
1240355 1241662
1242361 1242576
1272493 1272710
1301416 1301855
1303237 1304587
1305411 1307054
1373982 1374146
1399044 1399531
1399815 1401375
1410299 1410956
1426550 1427140
1481736 1482139
1513510 1522366
1559609 1562682
1575797 1576016
1583171 1583276
1681561 1683074
1684436 1686200
1691761 1693735
1703763 1703887
1705467 1705609
1706649 1707634
1711651 1712216
1712387 1712593
1720366 1724356
1739152 1739273
1750035 1750210
1759303 1761298
1774377 1775392
1790972 1792688
1817736 1823625
1826370 1830512
