NZ_CP007471.1_Haemophilus_influenzae_strain_C486__complete_genome
1 778
2832 3078
4648 5011
5673 5865
9930 10949
12513 14093
14787 14860
18806 19210
20068 20468
23047 23511
24785 25167
26090 26472
28029 28193
32125 32815
35100 38590
40224 40836
41558 41702
43085 46199
46741 46820
47405 52548
53443 53861
56948 57249
58144 59191
60211 60692
62305 63077
64202 64306
66581 67250
67783 68225
69161 70004
71296 71413
71944 72475
76165 76400
76956 77401
78619 80373
81355 81850
82649 85134
85735 86142
86876 87032
87660 90248
91055 92968
93598 94204
97710 99050
99784 99976
103206 103414
105848 106722
107447 110621
111882 112747
119731 119990
121056 121459
122073 122138
122881 123605
124145 124688
125851 126199
126708 127780
128567 129200
130245 132450
133258 133329
137033 137972
140080 140294
140524 142104
143302 146298
146873 147230
148781 148904
149619 150281
151983 152858
155149 155442
160189 161424
163852 163916
166202 166497
167051 167673
168842 169530
170974 171566
172445 172826
174020 174093
177152 177621
178463 178705
179335 180623
181350 181641
185635 186079
188076 188337
188942 200886
202407 202715
203124 206208
206863 208156
208902 210086
211751 212413
213887 213963
214971 215160
217725 218791
220453 221912
225202 225568
226990 227871
228634 235505
237679 239276
241324 241774
242542 243167
244826 247637
248189 249161
252914 253240
254258 258083
258716 260510
261170 262835
264107 265278
266218 267156
269474 269739
270318 270496
271103 275875
278413 280735
281443 281630
282328 282822
283567 286363
287552 288846
289362 290165
291244 293719
296206 296552
297949 298184
300118 300625
303107 304367
306529 307061
307599 308033
308625 309750
310445 311943
314365 315878
316855 324297
325405 325633
326917 326970
327506 327801
328644 329124
329717 331825
333791 334252
334418 338396
339886 340199
340553 342750
348024 348585
349191 349570
351949 352975
353981 357461
360382 361412
362200 362998
365421 366495
368889 369644
371077 371675
372244 372339
372844 373681
375417 385045
385921 386689
387923 388066
388933 388999
389608 389828
392487 395682
396363 397318
398105 399463
399964 403075
403764 404633
405252 405493
406255 406530
408220 408302
408889 409972
411012 412219
412872 414311
415485 417460
418501 419284
420134 421719
424315 424370
425220 425799
426616 426742
427402 427725
428705 428772
429730 431273
432325 432916
436770 437589
438875 438981
439880 440642
442078 442689
443556 444063
446311 446893
448545 449281
449891 450006
451024 451195
452573 453077
453653 453888
457227 459033
460543 461411
466443 466557
467393 468233
468967 469025
469732 470249
471685 471915
472923 474272
474820 474961
476707 479126
480772 481186
481834 483697
484258 484844
485471 487035
489479 490481
494353 495009
496273 496451
496770 496844
498625 498839
499595 499714
501792 502014
503640 503975
504791 505580
506178 507755
508915 508996
509521 509871
510807 512042
513313 514798
516793 520709
521705 524227
525878 527513
530504 531028
534982 535199
537931 538459
539179 539395
540615 541189
542100 542238
543058 544042
545550 545891
549946 550507
553435 554796
555520 556368
557679 558017
558660 559371
564544 565541
566261 566462
566785 567395
571710 572264
574329 574912
575736 576738
577247 579054
579424 580485
581000 582001
582357 582471
589724 589779
590950 591610
592554 593106
594137 594229
594922 596165
596691 599371
599443 600307
600943 601370
602053 602266
602500 603844
604531 604840
606269 608218
609618 609742
615508 615600
616307 617419
622766 626561
627331 628080
628906 629157
629678 629756
630297 630559
631129 631916
633676 636344
637121 638282
638909 639732
642589 650123
653398 653471
654492 654765
656185 656506
658261 660043
660621 661724
666108 669241
669770 670534
674881 675357
678571 678978
680812 681016
681566 682888
684600 685195
686300 688642
689598 690672
696170 696726
698325 698426
700402 700548
701103 701366
705691 705844
706907 707222
707927 708385
709057 710125
710636 710913
711619 717684
720281 721253
722416 722696
723531 724505
725331 725896
727750 728219
731648 733790
734489 735325
736204 736481
737189 737669
740179 740425
742508 743175
743858 745202
746607 747258
749020 749150
755625 756255
758828 761348
761910 767892
768404 771309
773051 773175
773828 774107
776309 776731
777512 777663
778206 778531
779131 779489
780036 780131
782563 782930
783838 785037
786030 786372
787245 787640
788249 789274
790169 790574
791116 791366
793346 794194
795371 801205
801817 802777
806461 807190
808313 808498
810180 812079
815474 816654
818864 819534
821379 821463
825253 825498
827260 827348
828895 828965
832212 832626
833901 834154
834874 835046
836051 837142
838125 838737
839560 839830
842185 843450
845806 852633
853720 854045
856681 858375
858953 859233
860078 861082
865349 865473
866166 866222
871392 872554
874053 874507
876428 876678
878177 878395
878515 878640
880464 881349
885585 886174
888206 888376
893452 900222
902544 902929
906289 906541
907772 908920
909438 909600
909903 910555
911109 912171
914824 915325
915961 916525
917042 917094
918527 926947
927643 928073
929522 929612
930998 931690
932389 932620
936256 938431
939220 939602
951398 952256
952859 953311
954032 956669
960289 961132
965280 969601
969829 970324
971448 973564
973765 974254
977039 977403
979048 979506
983211 983564
986466 987063
992463 995663
997730 998318
999052 1000508
1004657 1004804
1007256 1008028
1010155 1011332
1013560 1014280
1015716 1015782
1017351 1018161
1019350 1020028
1021067 1021406
1024306 1026367
1026936 1028994
1032148 1032780
1033405 1034167
1035089 1035155
1035743 1036024
1038230 1038647
1047318 1047645
1048763 1049115
1051724 1052140
1055301 1055695
1056502 1056678
1058057 1058548
1062962 1063080
1064455 1070216
1072887 1073137
1074646 1074900
1075418 1075474
1079714 1080547
1082494 1084652
1085441 1085594
1087343 1088417
1088967 1090764
1091837 1091897
1093698 1094284
1095851 1096012
1098643 1099055
1100653 1100833
1103546 1103942
1110103 1110661
1111458 1111968
1114062 1115551
1120311 1120817
1124638 1124872
1125561 1126105
1131847 1133338
1134329 1139478
1140461 1140844
1141096 1141234
1141871 1142016
1145397 1146339
1148357 1148417
1151975 1152216
1154310 1154618
1155203 1155275
1158193 1158428
1166320 1166968
1168509 1169313
1169917 1174343
1174681 1174819
1176218 1176921
1182405 1182548
1184186 1184508
1186473 1188010
1191359 1191599
1195292 1196887
1197667 1197881
1199548 1199985
1201675 1201860
1203551 1204216
1205682 1206297
1210799 1214486
1215000 1215684
1216195 1216836
1217128 1217535
1218267 1219616
1220147 1221095
1223336 1225483
1227103 1227517
1229676 1230292
1232689 1232803
1238580 1239054
1240080 1241653
1242361 1244939
1249510 1249669
1252460 1255400
1257254 1258097
1259846 1260389
1262129 1262698
1263344 1267350
1267909 1269748
1269871 1270649
1271321 1272710
1273298 1274640
1276871 1277380
1277890 1278258
1281829 1282365
1284776 1285122
1286313 1286730
1288432 1292013
1299067 1299211
1299839 1300287
1301289 1301853
1303237 1303921
1304750 1305013
1305416 1305496
1305734 1307054
1311317 1312127
1312738 1313144
1313796 1313961
1319545 1319949
1321198 1322968
1323543 1324742
1325995 1326787
1331990 1332538
1342359 1342441
1344289 1347098
1347622 1348529
1351223 1352539
1355342 1355552
1357587 1358064
1359501 1359568
1365076 1365778
1376543 1377215
1378473 1379266
1382511 1382960
1383529 1384128
1384886 1385431
1386089 1386361
1389548 1389911
1390877 1391028
1393692 1393815
1395876 1396001
1397528 1403181
1403660 1403852
1406689 1406978
1407969 1408067
1409517 1409760
1410299 1410956
1412328 1414401
1415628 1416793
1419222 1419357
1419739 1419836
1421497 1422281
1425049 1425508
1426464 1431641
1433842 1433943
1435331 1437889
1440369 1440429
1448284 1449230
1451726 1451911
1453826 1454130
1458433 1458695
1462948 1464433
1464982 1465764
1466713 1467489
1480882 1481580
1481736 1482139
1483032 1484528
1485654 1486254
1487108 1487223
1488976 1489208
1491721 1491907
1492646 1493415
1497155 1497652
1498212 1498582
1499099 1499505
1500817 1500979
1502707 1503025
1504863 1505370
1508052 1510099
1511452 1522264
1524829 1525908
1529007 1530121
1533232 1533559
1541815 1542229
1542928 1544148
1544985 1545110
1549141 1549429
1553525 1554089
1555982 1556909
1559609 1562682
1565409 1566077
1567108 1567436
1568309 1568554
1569575 1569853
1573806 1574071
1575197 1575615
1575797 1575977
1576870 1578660
1581424 1582115
1583175 1584143
1586863 1589964
1592502 1592757
1594319 1594491
1595808 1596020
1596832 1597284
1601128 1601611
1602790 1602874
1603919 1604366
1605158 1605613
1607729 1609140
1611748 1618100
1620127 1620238
1621006 1621136
1622103 1622490
1625301 1625865
1630424 1631791
1632614 1633994
1634610 1634809
1639812 1640507
1642939 1643557
1646472 1647603
1648648 1649145
1649951 1650342
1651028 1651178
1652735 1653007
1653733 1653815
1656464 1656742
1659179 1659291
1659816 1660085
1660743 1661184
1663073 1663976
1671117 1672278
1674584 1674894
1675428 1675673
1680791 1681978
1684436 1685253
1686252 1691171
1691734 1705278
1705467 1718553
1720388 1721393
1722008 1723184
1723757 1724396
1727440 1729349
1729955 1730409
1732105 1732353
1733578 1733735
1734414 1735955
1737185 1737850
1738875 1739205
1741715 1741970
1745015 1745160
1745747 1746356
1750031 1750428
1751231 1753569
1755503 1755755
1756901 1757429
1758633 1758684
1759303 1766317
1769232 1769472
1770108 1770833
1772236 1773634
1774234 1779620
1780257 1781912
1782523 1783103
1785009 1785259
1787014 1788419
1789076 1789150
1790032 1793650
1795633 1796237
1798918 1799265
1799616 1799955
1801023 1801847
1806720 1808067
1808797 1809827
1810638 1811161
1811692 1812291
1813306 1813549
1814882 1815064
1816060 1816160
1817111 1819301
1819499 1821339
1823265 1823800
1824419 1824554
1825578 1830510
1831276 1831342
1833620 1834772
1835768 1836371
1836937 1837625
1839403 1841756
1843480 1843927
1845076 1845644
1846181 1846503
