NC_016809.1_Haemophilus_influenzae_10810_genome
48574 51544
77508 79948
101429 101836
119873 122961
131253 140591
149688 155138
168122 168479
168756 169155
171798 175841
190769 191525
203003 203170
221635 221931
281864 283082
291150 291199
293007 293127
305507 307889
319579 319663
322994 323257
324049 352472
356193 403071
423749 423994
443483 443616
447254 447313
450377 450516
475353 482855
508626 522029
532119 532393
561819 577491
582785 582924
615923 616377
657922 658062
683814 684834
718841 723607
723745 724286
732228 737876
738509 738602
765686 771253
771380 771531
794116 794762
795466 795680
805412 808299
825441 825830
853108 856216
864460 865149
865293 865796
878687 882469
898206 907459
933593 933922
937998 943201
1007404 1007547
1045783 1047237
1137155 1139683
1153121 1153222
1156319 1159759
1162502 1168725
1180266 1224482
1235934 1238576
1252513 1253353
1277556 1277768
1363497 1364017
1368879 1369023
1387239 1389923
1417652 1417842
1462116 1462174
1476582 1476638
1479172 1481855
1498985 1502131
1531024 1534649
1555809 1556029
1556187 1559476
1561076 1566386
1606749 1607040
1636842 1640336
1644509 1669056
1669160 1672926
1673198 1673392
1673771 1674393
1674814 1678658
1695867 1696244
1706491 1712437
1716255 1716478
1720951 1721505
1764461 1764859
1765407 1791848
1843329 1844027
1866134 1866376
1905656 1910494
1932184 1933006
1951905 1960333
1969839 1971909
