NC_016809.1_Haemophilus_influenzae_10810_genome
48296 54337
77508 79949
83031 83100
83940 84050
84328 84458
87383 143873
149688 155138
174445 177536
178837 179036
189372 189464
203003 203170
205854 205953
221516 221931
281864 283082
290904 296877
305507 307889
322994 323257
324049 324631
324752 328447
356242 383976
385191 398527
398761 403120
404888 405262
423337 424343
447254 447313
532119 532393
561802 577474
618856 618960
657922 658062
683883 683938
684560 684774
718841 723648
723834 724286
732121 735747
737607 737948
767454 771502
781975 782628
790546 790991
794114 794762
795466 795680
805538 814603
825317 825791
833661 835015
835988 839244
853108 863209
864460 865149
865293 865940
879168 882860
908668 909920
922795 922854
933507 933563
959460 959841
1021438 1032334
1073976 1074080
1085725 1088442
1089104 1089167
1090676 1090958
1137155 1139683
1153121 1153222
1156345 1168626
1180266 1224482
1231167 1231519
1236083 1238617
1239925 1240159
1252513 1253353
1303285 1307216
1363497 1364017
1368879 1369023
1371922 1372019
1387239 1389923
1417700 1417841
1462116 1462174
1470706 1471295
1476334 1476408
1476582 1476638
1479181 1481855
1489535 1490182
1498985 1501304
1501619 1505028
1513561 1514374
1529017 1530325
1533338 1534649
1555546 1566386
1636842 1640336
1644576 1645907
1646286 1661110
1664731 1664787
1665023 1665415
1667427 1670682
1671729 1672608
1673378 1678658
1695867 1696244
1706491 1727845
1740725 1740840
1764369 1764639
1765407 1791848
1833092 1833166
1843329 1844185
1866609 1867012
1905508 1905759
1932932 1933054
1951905 1960333
1967791 1971909
