NC_016809.1_Haemophilus_influenzae_10810_genome
1 4535
28143 80952
83920 84455
87383 143876
153595 154002
155149 155331
169062 171787
174616 175342
175498 175704
177447 177564
178187 178294
181026 194934
200697 206126
221491 221931
235157 235209
243890 244080
265203 265266
273011 290945
291058 291264
293007 293124
293747 293854
305844 311978
319579 319663
323016 324752
325670 352470
356242 403120
404888 405262
423313 424343
443483 447313
450377 450516
451027 453591
474627 475353
475557 475887
479120 479222
508626 540056
550864 608013
615923 618960
619657 621003
657922 674802
683814 684844
701365 702227
712082 713330
715393 716798
719018 719189
723469 723600
723686 723738
733947 734129
734913 735020
735643 735760
737503 737883
746381 747163
767454 780697
781975 782628
790546 814603
820876 825702
833661 835015
864460 865763
878687 911433
918041 922756
922856 923836
930152 930296
948341 949505
978439 996506
997703 1032327
1050776 1050917
1085725 1115941
1137155 1138099
1156345 1159759
1162500 1168725
1184116 1184281
1187231 1188682
1188857 1224482
1236083 1238617
1245317 1254197
1268174 1268463
1277556 1277768
1288529 1288649
1322767 1323274
1371922 1373753
1384618 1391125
1417652 1420737
1434734 1456149
1456365 1471473
1476582 1482732
1489316 1490183
1490610 1515044
1526794 1536774
1545301 1545358
1549964 1566386
1572125 1593011
1611357 1620534
1628087 1679867
1689526 1696244
1709104 1727866
1740748 1836338
1844072 1844185
1861728 1862280
1863758 1867283
1905830 1920833
1932184 1933006
1938990 1963544
1967663 1967736
1967890 1968096
1969839 1969956
1970579 1970686
1971470 1980290
