NC_016809.1_Haemophilus_influenzae_10810_genome
48296 54337
77508 79949
83031 83100
83940 84050
84328 84458
87550 143545
149688 155138
174445 180926
189372 189464
203003 203170
221516 221931
281864 283082
294640 295030
296694 296822
305507 307889
322994 323257
324049 324631
324752 328447
356193 383901
385191 398527
398761 403071
423392 424288
447254 447313
532119 532393
561802 577474
657922 658062
684560 684774
718841 723604
723834 724286
733717 734370
737713 737876
765690 767877
771344 771502
781975 782628
794114 794762
795466 795680
805538 814603
825317 825791
833661 835015
835988 839244
853108 863209
864460 865149
865293 865940
878457 879367
908668 909920
922803 922854
933507 933563
959460 959841
1021438 1032334
1073976 1074080
1085725 1088442
1089104 1089167
1090676 1090958
1137155 1139683
1153121 1153222
1156345 1168626
1180266 1224482
1231167 1231519
1236083 1238617
1239925 1240159
1252513 1253353
1303285 1307216
1363497 1364017
1368879 1369023
1371922 1372019
1387239 1389923
1417700 1417841
1462116 1462174
1470706 1471295
1476582 1476638
1479172 1481855
1489535 1490182
1498985 1501304
1501619 1505028
1529017 1530325
1533338 1534649
1555546 1560878
1561076 1566386
1636842 1640336
1644576 1645907
1646286 1661110
1665023 1665415
1667427 1670361
1670925 1671145
1671317 1672926
1673378 1677491
1677594 1678658
1695867 1696244
1706491 1727845
1740725 1740872
1764369 1764639
1765407 1791848
1833092 1833166
1843329 1844027
1866609 1867012
1932932 1933054
1951905 1960333
1971229 1972139
