NC_016809.1_Haemophilus_influenzae_10810_genome
48296 51544
77508 79949
83031 83100
83940 84050
84328 84458
87550 143545
174445 175996
180877 180927
189372 189464
203004 203170
221516 221931
281864 283082
296694 296822
305507 307895
324049 324631
324752 328812
337661 337754
345861 346249
356193 367205
367328 367991
371882 372343
373515 374549
378222 381023
385191 403071
423247 423819
447254 447313
475181 475353
521276 522037
532119 532393
561819 577491
618858 619003
657922 658062
676825 678783
684560 684774
718841 723604
723834 724286
732176 734201
737733 737898
767402 770619
771375 771502
794114 794762
795466 795565
801024 814603
833661 835015
863211 867042
876922 882109
908668 909920
959460 959841
1021438 1021716
1023078 1032327
1085725 1088442
1089104 1089167
1090676 1090958
1137155 1139683
1156345 1168609
1180266 1224482
1236083 1238617
1288529 1288649
1303285 1307216
1368879 1369023
1371922 1372019
1387239 1389923
1417678 1417842
1462116 1462174
1470706 1471295
1476582 1476638
1479172 1481855
1489535 1490182
1498985 1502131
1514565 1514819
1529017 1530325
1533338 1534649
1549979 1555541
1557187 1566386
1578267 1578398
1636842 1640336
1644576 1645907
1646286 1661110
1665023 1665415
1667427 1670338
1671317 1671675
1672658 1672926
1673378 1677504
1677586 1678658
1695867 1696244
1706491 1709146
1711876 1727845
1740725 1740824
1764369 1764639
1765407 1765769
1767838 1768091
1768226 1791838
1833092 1833166
1843329 1844027
1866609 1867012
1905447 1905614
1932932 1933054
1951905 1960333
1967846 1973680
