NC_017452.1_Haemophilus_influenzae_R2846__complete_genome
33287 35157
95462 95916
163645 163918
174003 174764
186827 187261
196243 196484
310685 311075
324150 337345
341551 344397
358652 358735
372022 372172
373807 377480
378123 378215
405302 408248
408765 409133
410346 410501
420032 421042
522236 523105
523715 526626
540849 541930
555748 558936
571684 572475
664067 669416
677195 678171
695026 695188
729266 737977
754380 754813
760409 760815
830773 830900
833121 834071
878771 879276
907580 907873
938275 938992
949920 951805
952769 953125
990183 991242
1059290 1062711
1120791 1120899
1122066 1125820
1149641 1149741
1167551 1170624
1183796 1184004
1191186 1191287
1226928 1227032
1306410 1306533
1317297 1317506
1341835 1343065
1356367 1361559
1384781 1397126
1397612 1397802
1400911 1401011
1536033 1543711
1618472 1622962
1638376 1638526
1676157 1680249
1694054 1697460
1716000 1716389
1727135 1727223
1737408 1737477
1750718 1754651
1782877 1782996
1783416 1783706
1793702 1801155
1809593 1812887
1818869 1819370
