NC_017452.1_Haemophilus_influenzae_R2846__complete_genome
1 94
1306 1652
2272 2513
3275 3550
5240 6992
8032 9239
9892 11331
12505 12935
14166 14480
15525 15829
17154 17473
21335 21390
22240 22819
23635 23761
24421 24744
25724 25791
26749 28292
29344 29935
33287 35157
35705 35811
36710 37480
38916 39527
40394 40901
43149 43731
45317 46119
46729 46844
47862 48033
49411 49915
50491 50726
54065 55859
57369 58237
63269 63383
64219 65059
65793 65851
66558 67075
68519 68749
69757 71106
71654 71795
73541 73705
74948 75958
77609 78023
78669 78920
81097 81683
82310 83874
86318 89344
91189 91845
94861 95916
96447 96566
98642 98866
100492 100827
101643 102432
103030 104607
105767 105848
106373 106723
107659 108894
110165 111650
116449 117558
118557 121079
122730 124365
127356 127880
131834 132051
136046 136256
137476 138050
138961 139099
139919 140903
142411 142752
146807 147368
150296 151657
152381 153229
154540 154878
155521 156231
161404 162401
163123 163322
163645 163918
164097 164250
168556 169110
171175 171758
172582 172835
176259 179561
186982 188407
189350 191029
191722 192966
193492 196171
196243 197011
197647 198074
198757 198970
199204 199322
200413 200548
201234 201543
202972 204922
206322 206445
209013 209400
212214 212306
213012 214125
220414 220715
220828 222487
224065 224815
225663 225914
226435 226513
227054 227316
227886 228672
230432 231719
232517 233101
233893 234156
236390 236488
237850 245281
246764 246879
250190 250263
251284 251560
252980 253301
255057 259324
263055 263898
266718 266885
271829 272305
275518 275923
277757 277961
278511 279809
281521 282116
283222 283665
285465 285546
287086 287575
288917 289276
289828 291417
293074 293634
295233 295334
297310 297456
298011 298274
302599 302752
303815 304130
304836 305294
308529 314560
317171 318159
320103 321133
321959 322524
324156 338052
341482 350054
352137 352805
353489 354832
356238 356324
365210 365840
368413 370933
371495 377512
378025 381023
382764 382888
383541 383820
386010 386439
387221 387373
387915 388240
388840 389198
389748 389843
392275 392642
393550 394749
395742 396084
396957 397352
397961 398986
399881 400286
400828 401078
403058 403906
405083 411023
411635 412595
414118 415770
418174 421957
425355 426535
428745 429416
431261 431345
435135 435381
437141 437229
438776 438846
442093 442507
443782 444035
444755 444927
445932 447023
448006 448618
449441 449711
452065 453330
455686 456573
461744 461803
462496 462614
466882 467886
468731 469011
469589 471284
473921 474244
476875 477329
479250 479500
480999 481216
483160 484045
488282 488873
490905 491075
496151 499126
499662 499763
505381 505768
509128 509380
510609 511757
512275 512437
512740 513392
513946 515008
517680 518181
518817 519381
519898 519950
521383 523070
523703 529835
530531 530961
532410 532500
533886 534579
535278 535509
539145 541320
542109 542491
554287 555145
555748 556200
556921 559558
568170 569306
569528 569597
569906 570029
571153 573269
573470 573956
576740 577104
578750 581830
582891 583244
584544 584615
586170 586767
592167 592981
594684 595367
599909 600067
604217 604364
606816 607588
609715 610889
613117 613837
615273 615339
618908 619586
620625 620963
623863 625924
626493 628551
631702 632334
632959 633721
634643 635615
637818 638234
639727 639815
644922 645579
646921 647248
648366 648718
651327 651743
654904 655298
656105 656281
657660 658151
662565 662685
664060 670000
672671 672921
674432 674691
677195 678171
678763 679088
683985 684138
685886 686291
688991 689308
690382 690442
692243 692829
694396 694557
694977 695068
697303 697765
699360 699540
702253 702649
708806 709364
710161 710671
713739 714248
719008 719451
723272 723506
724195 724738
729334 732058
733049 740076
741433 743480
746162 746669
748508 748826
750554 750716
752028 752434
752951 753321
758549 759317
760056 760815
763036 763268
765021 765136
765990 766590
767716 769212
770044 770447
770602 771300
784710 787216
787765 789253
792170 793677
797978 798282
800197 800382
802878 803824
811677 811737
814219 814556
816650 816776
818165 818272
820467 825644
826600 827059
829827 831121
832244 832343
832726 832855
833121 833231
833598 833647
835919 837084
838311 838636
841757 842414
842953 843196
844646 844744
845735 846024
848861 849053
849532 856846
858907 859030
861694 861845
862811 863174
866357 866629
867287 867832
868590 869189
869758 870207
873452 874245
875502 876174
878771 879278
884842 888147
893655 893722
895159 895636
897671 897881
899583 902020
904713 905144
907352 910881
920702 921251
926454 927246
928502 929717
930292 932062
933311 933715
934682 939728
940379 940787
941379 942004
942081 942221
946484 947930
948616 948711
948930 949823
951166 951935
952342 952604
952769 953968
955361 955926
956908 957356
957984 958127
960474 963855
965186 965852
968770 970863
972052 972400
974811 975347
978918 980307
982538 983880
984468 985890
986562 987307
987428 988826
994481 995050
999080 999923
1004069 1004717
1007508 1007667
1012239 1014817
1015525 1017099
1018125 1018599
1024376 1024490
1026887 1027503
1029662 1030077
1031696 1033843
1036084 1037037
1037568 1038917
1039649 1040056
1040348 1040989
1041500 1042184
1042698 1046385
1050887 1051502
1052968 1053633
1054247 1055509
1057194 1059416
1060196 1067756
1072640 1076710
1082194 1082897
1084296 1084434
1084772 1089090
1089694 1090498
1092039 1092686
1100580 1100815
1103735 1103807
1104392 1104700
1106794 1107035
1110593 1113851
1115307 1115793
1117229 1117860
1119618 1119763
1120400 1120807
1122158 1129462
1133178 1134260
1137358 1138472
1141583 1141910
1147180 1148805
1149419 1150185
1150884 1152104
1152941 1153066
1157096 1157384
1161468 1162032
1163924 1164851
1167551 1170624
1173350 1174019
1175050 1176496
1177517 1177795
1179800 1180756
1181752 1182017
1183143 1186669
1187194 1190126
1191186 1192154
1194873 1195348
1197573 1197977
1200515 1200770
1202332 1202504
1203821 1204033
1204845 1205297
1209140 1209623
1210799 1210883
1211928 1212374
1213166 1213621
1215733 1221063
1225099 1226035
1228062 1228173
1228941 1229071
1230038 1230425
1232808 1233805
1238365 1241933
1242549 1242748
1243641 1244907
1245473 1245639
1247780 1248639
1251071 1251689
1254603 1255734
1256779 1257276
1258082 1258473
1259159 1259309
1260866 1261138
1261864 1261946
1264597 1264875
1267312 1267424
1267949 1268218
1268876 1269317
1271206 1272109
1279368 1280529
1282835 1283145
1283683 1283924
1289042 1289783
1294706 1294966
1296319 1296615
1297221 1297675
1299371 1299618
1300843 1301000
1301679 1303220
1304443 1305108
1306133 1306533
1308975 1309231
1312276 1312421
1313008 1313617
1317294 1317349
1318526 1318815
1322746 1322997
1324143 1324671
1329003 1330427
1332324 1333400
1336315 1336555
1337188 1337915
1338548 1340716
1341316 1343514
1344052 1346646
1348762 1348938
1349781 1350129
1352036 1352286
1354041 1355059
1356103 1360871
1362851 1363455
1366136 1366483
1366834 1369064
1370602 1373936
1375051 1375284
1376014 1377044
1377855 1378378
1378907 1379509
1380409 1380677
1382013 1382195
1383191 1383291
1384242 1386688
1390453 1390988
1391607 1391742
1393335 1397801
1397968 1400282
1400911 1403281
1404211 1404899
1406677 1409030
1410754 1411200
1412349 1412917
1413454 1414554
1416607 1416851
1418423 1418786
1419448 1419640
1423705 1425680
1428555 1428628
1432576 1432980
1433838 1434238
1436818 1437282
1438556 1438938
1439861 1440243
1441800 1441964
1448887 1449265
1450234 1450793
1452138 1452389
1454023 1454635
1455357 1455501
1457406 1458124
1459749 1459991
1460533 1460612
1461197 1466395
1467290 1467708
1470795 1471095
1471990 1473037
1474057 1474538
1476142 1476914
1478039 1478143
1481620 1482062
1482985 1483828
1485120 1485237
1485768 1486299
1489989 1490224
1490780 1494197
1495179 1495674
1496473 1498958
1499559 1499966
1500700 1500856
1501484 1504072
1504879 1506807
1507437 1508043
1511554 1512895
1513627 1513821
1517051 1517259
1519693 1520858
1521460 1521768
1522390 1524443
1525222 1527112
1528637 1532504
1534124 1534438
1536033 1543711
1549020 1549279
1550345 1550748
1551362 1551427
1552170 1552894
1553434 1553977
1555140 1555488
1555997 1557069
1557856 1558489
1559534 1559876
1561265 1561738
1562546 1562617
1566318 1567258
1569370 1569580
1569810 1571390
1572588 1576516
1578066 1578189
1581268 1582143
1584434 1584727
1589474 1591743
1593149 1593213
1595499 1595798
1596348 1596971
1598140 1598828
1600271 1600863
1601742 1602123
1603318 1603391
1606450 1606919
1607761 1608003
1608633 1609921
1610648 1610939
1614933 1615377
1617374 1617635
1618240 1618583
1620624 1620790
1622275 1622583
1622992 1623048
1624136 1624598
1625287 1625973
1626634 1627929
1629231 1629859
1631524 1632186
1633661 1633721
1634729 1634918
1637483 1638549
1640210 1641669
1644959 1645325
1646747 1647628
1648391 1650372
1651274 1652401
1653317 1653579
1654923 1655268
1657435 1657909
1658845 1659032
1661080 1661530
1662298 1662923
1664582 1667393
1667945 1668917
1672670 1672996
1674014 1680268
1680926 1682591
1683862 1685030
1685971 1686910
1689228 1689493
1690107 1690285
1690889 1694235
1694905 1696339
1697031 1699335
1700896 1701181
1702091 1702275
1703464 1704758
1705274 1706076
1708859 1709303
1712117 1712463
1713860 1714095
1716030 1716504
1718986 1720246
1722408 1722940
1723468 1723902
1724494 1725619
1726314 1726773
1727135 1729106
1730973 1731072
1733463 1740905
1742013 1742240
1743532 1743585
1744124 1744419
1745262 1745741
1746334 1747140
1747942 1748442
1750410 1751324
1752658 1755375
1757059 1757182
1757536 1759745
1761357 1762819
1763396 1763516
1765026 1765584
1766190 1766569
1768948 1769974
1773375 1774992
1777390 1778419
1779207 1780005
1782429 1783622
1786015 1786770
1788215 1788410
1789382 1789477
1789982 1790819
1792555 1802209
1803085 1803853
1805087 1805230
1806097 1806163
1806772 1807110
1809684 1813072
1813753 1814708
1815495 1816129
1817355 1819370
