NC_014922.1_Haemophilus_influenzae_F3047_complete_genome
15905 21174
80668 80737
81577 81687
81981 82110
85022 85515
96781 97959
98041 99233
113661 114082
130775 130883
137692 137796
142141 155023
167441 168637
218934 219379
220888 220951
221613 224354
277717 286670
288032 293935
333216 333370
368221 368385
372422 372788
397759 398141
422581 429068
456382 456579
459614 461400
466798 469537
470619 474273
475313 476825
477566 491698
492052 492347
497460 497975
506845 520620
521254 522528
549083 555206
566101 569764
595262 595445
602026 602209
606452 608334
611810 615098
617566 625092
652557 652785
653357 653732
658776 660756
679528 679668
695370 695534
748733 753971
787065 788213
793937 794520
808103 808829
826188 826517
830641 831072
832645 835199
835671 836106
837756 840229
842376 845572
846780 847433
848070 848377
848489 848698
849618 875542
890064 897458
917781 923903
931928 931984
935752 935906
955024 955465
973506 973880
978395 978899
980104 980451
1004416 1006100
1007287 1015365
1029087 1029645
1039107 1044991
1051775 1055278
1130010 1130779
1131532 1131607
1133333 1133785
1143938 1144150
1144998 1145193
1146497 1146589
1154871 1160748
1168103 1168914
1181765 1184784
1190719 1190810
1208977 1223604
1227184 1234360
1241483 1242442
1246766 1248940
1296112 1296408
1310112 1311520
1319460 1323517
1342796 1348630
1348849 1350955
1356941 1357797
1359479 1417590
1417992 1419581
1430483 1431898
1436203 1436736
1437027 1437495
1448986 1450385
1462179 1463685
1476886 1477562
1489686 1494024
1510014 1518302
1524784 1524918
1525411 1527659
1547599 1549670
1559815 1562895
1572856 1573551
1573768 1586307
1597607 1601798
1602242 1602620
1618714 1619131
1640042 1644440
1644823 1645151
1645322 1645799
1646239 1646837
1647344 1647664
1648981 1651624
1651997 1667887
1671542 1671642
1671802 1672194
1673965 1674927
1675218 1678008
1679228 1692708
1737454 1754882
1775463 1775608
1816892 1820206
1833155 1833593
1841204 1842784
1843487 1849975
1900894 1901014
1936524 1937158
1944962 1945142
1945640 1953157
1955884 1956867
1959188 1959602
1960905 1961038
1963182 1963262
1963962 1965589
1966000 1966469
1966678 1969785
1971545 1973198
1980517 1982979
1993554 1993608
1998710 1999218
