NC_014922.1_Haemophilus_influenzae_F3047_complete_genome
4401 4544
15905 21174
51590 77584
81557 82092
85022 85518
95237 98042
98951 99439
108724 130883
137692 137796
142282 154982
167441 168637
194231 259289
277717 293198
293358 314071
315268 351958
361924 363087
368221 368400
372425 372788
376094 376238
382550 383530
383622 388362
394969 396550
397627 423795
426174 427250
447542 463334
465894 484893
485115 485777
487298 489121
489399 491525
492155 496143
505862 506030
514161 514882
520361 530046
537968 538621
539898 552179
566278 584385
595356 600179
606452 608334
611777 625232
635084 653791
662782 672232
677668 679668
695370 695534
716598 717943
718640 721532
729442 754240
757936 774135
784946 787250
788167 793463
793547 794621
804717 817400
829167 875814
890064 908679
917781 923903
925653 928212
928723 928862
931928 1016154
1025395 1039026
1041876 1041983
1044362 1044584
1044709 1063965
1071710 1071773
1091717 1091907
1100591 1100643
1129692 1135823
1141590 1184762
1190770 1190930
1202276 1227993
1228856 1238386
1241431 1242155
1242228 1242441
1248889 1248942
1262135 1280227
1281795 1338110
1342989 1351832
1356941 1357797
1359261 1424838
1425265 1425567
1430468 1462858
1472216 1472273
1476891 1488847
1508277 1508352
1509935 1518302
1519319 1537056
1544593 1549670
1555001 1557019
1559811 1562892
1572685 1573551
1575677 1592280
1597607 1602240
1602534 1754882
1772429 1775653
1802166 1806028
1817734 1833582
1841204 1842784
1843436 1850037
1877165 1877672
1900894 1901014
1911848 1921457
1935446 1944450
1944962 1953157
1955884 1956480
1960905 1973630
1981369 1990185
1990463 2005778
