NC_014922.1_Haemophilus_influenzae_F3047_complete_genome
15905 21174
91330 98036
113052 114081
117532 119064
142598 155150
158252 158350
167441 168637
222432 223368
262829 264307
291839 293935
304226 304369
333216 333370
368309 368391
396481 407393
422581 429067
456382 491697
492085 497918
506378 522528
549054 552898
566261 586224
587358 593330
595231 595611
612201 614613
617566 625101
652497 653791
679528 679668
695370 695534
721078 721532
748733 750149
751874 754220
787065 788213
793937 794520
816777 817400
829118 875814
916491 923903
928723 928862
931928 931984
955029 955398
973805 995584
1004620 1007371
1011572 1015365
1025395 1025479
1028811 1029050
1029380 1029502
1039073 1039272
1041164 1044991
1051775 1055278
1130010 1130779
1131532 1133786
1154904 1157168
1160334 1160480
1168103 1168914
1181765 1184784
1190768 1190930
1208977 1223604
1227340 1234360
1241483 1242442
1248891 1248940
1261929 1262362
1277611 1277853
1296112 1296408
1310103 1311518
1319191 1323517
1342796 1348630
1348849 1350955
1356941 1357790
1359834 1383492
1384966 1424836
1430483 1431898
1435207 1437497
1449151 1450344
1462179 1463685
1476886 1477562
1488196 1494113
1510014 1518302
1520501 1520612
1524784 1524918
1525411 1527659
1547599 1549670
1555002 1557019
1559816 1562892
1572856 1573551
1573768 1585066
1585163 1586307
1597607 1601771
1602528 1603102
1618817 1619131
1639480 1640694
1641242 1645804
1647373 1675159
1676611 1679589
1681558 1682614
1682926 1683838
1684601 1692708
1692956 1694635
1737614 1754840
1775463 1775653
1816892 1820206
1821651 1821755
1833155 1833593
1841204 1842784
1843487 1849975
1911848 1912061
1936346 1937226
1944956 1973632
1979826 1981277
1981370 1982979
1986529 1986886
1987160 1987559
1993720 1997393
