NC_014922.1_Haemophilus_influenzae_F3047_complete_genome
4401 4544
15905 21174
51590 77584
81557 82092
95237 98042
98951 99439
108724 130883
137692 137796
142282 154982
167441 168637
194231 259289
277717 314071
315268 351958
361924 363087
368221 368400
372425 372788
376094 376238
382550 383531
383656 388362
394969 396550
397627 423795
426174 429044
447542 463334
465894 484893
485115 485777
487298 489121
489399 491525
492155 494937
505862 506335
514161 514877
520361 525892
537968 555053
565030 584385
595356 600179
606452 608334
612201 625232
635084 653791
662782 672232
677668 679668
695370 695534
716598 717943
718671 721532
729442 754221
757936 774135
784946 787250
788167 793463
793547 794621
804717 817400
829167 875862
890064 908679
917781 923903
925653 928212
928723 928862
931928 954952
955229 1016154
1025395 1029375
1029475 1039178
1041876 1041983
1044362 1044584
1044731 1063965
1071710 1071773
1091717 1091907
1100591 1100643
1129692 1184762
1190770 1190930
1202276 1227993
1228856 1238169
1241431 1242147
1242228 1242441
1248889 1248942
1262135 1280227
1281795 1338110
1342989 1351832
1356941 1357797
1359261 1424838
1425265 1425567
1430468 1462858
1472216 1472273
1476891 1488847
1508277 1508352
1509935 1518302
1519319 1537056
1544593 1549670
1555001 1557019
1559811 1562892
1572685 1573551
1575677 1592280
1597607 1602240
1602534 1754721
1772429 1775653
1802166 1806028
1817734 1833582
1841204 1842784
1843436 1850037
1877165 1877672
1900894 1901014
1911848 1921457
1935446 1944395
1944962 1953157
1955884 1956480
1960905 1973630
1981369 1990185
1990463 2005778
