NZ_CP007470.1_Haemophilus_influenzae_strain_477__complete_genome
1 1659
6614 6776
28854 28945
55694 55861
58906 59043
63402 70554
103409 103626
156435 158948
191262 193021
228729 230659
230944 231196
258711 259384
310955 311070
335841 337873
359173 359421
474571 474624
474782 483486
533843 533949
584804 585284
588420 589659
657417 657538
668379 668554
692549 693653
708269 711781
736706 738290
745710 749814
754149 754314
770262 770427
827428 827547
888663 889445
973566 973625
1012502 1014267
1016697 1018253
1046073 1050942
1051450 1051659
1156431 1157996
1179962 1186929
1188189 1190028
1190945 1191365
1216412 1216668
1292718 1293636
1303538 1306294
1306855 1308394
1337243 1337570
1347835 1347928
1362619 1362965
1364165 1364669
1369503 1369629
1387550 1388122
1464479 1485851
1487543 1488429
1491511 1492123
1493924 1497597
1497705 1497756
1498314 1507128
1510388 1510829
1537087 1537848
1587482 1589403
1679479 1681349
1714695 1724387
1733020 1738365
1748822 1749831
1766779 1767041
1778955 1780081
1795522 1796033
1829037 1829763
1831483 1832898
1842798 1846259
