NZ_CP007470.1_Haemophilus_influenzae_strain_477__complete_genome
1 2488
5144 5394
6614 6776
6952 7206
7724 7780
12017 12853
17757 17910
19658 20062
22763 23080
26113 26707
28274 28435
28854 28945
31180 31642
33227 33407
36120 37270
37769 38874
42676 43234
47615 48124
52883 53385
55571 55681
57374 57608
58297 59043
64652 72007
72073 72135
73032 73416
73669 73807
74444 74596
77970 78912
80930 80990
84548 84789
86883 87191
87776 87848
90768 91003
103834 103995
105020 105669
106557 107260
112737 112880
114518 114840
116805 118341
121690 121930
125623 127218
127998 130284
131974 132161
133852 134517
135983 136598
142181 142323
143943 144357
146516 147132
149529 149643
155419 158948
162017 162233
166807 166961
169757 170405
174551 175394
179424 179993
180639 183105
184418 184645
185204 186052
186366 187034
187164 187964
188636 192376
192921 193021
195233 197662
198830 199520
201232 201768
204178 204524
205715 206132
210751 211418
218471 218615
219243 219691
220594 222471
224327 224589
227329 227612
236386 236605
246206 247032
247643 248049
248701 248866
254450 256141
258710 259702
260951 261743
279274 279356
281225 282833
285052 285483
288177 289512
292315 292525
294560 295037
296474 296541
302049 302751
313512 314184
315441 316234
319382 319831
320400 320999
321757 322301
322959 323231
326418 326781
327748 327899
334327 340201
343038 343251
344288 344386
345836 346079
350864 351578
353349 353807
354685 354883
362027 362533
366019 366550
375831 376156
377385 378548
380962 381097
381479 381576
383237 384021
386784 387242
388207 388384
391896 392794
394995 396611
398705 399042
401522 401582
409432 410378
412878 413063
414979 415283
417782 419845
424099 425581
426130 426912
427861 428637
442031 442965
444009 445505
446631 450185
452699 452885
453624 454393
459621 459991
460508 460914
462226 462388
464116 464434
466273 466780
469462 471509
472863 477668
477755 483384
485952 487034
490133 491247
494358 494685
502939 503353
504052 505272
506109 506234
510265 510553
514649 515213
517105 518032
523457 524126
525157 525485
526358 526603
527624 527902
531819 533979
534850 536635
539407 540098
541924 542165
544883 547984
550522 550777
552337 552509
553826 554038
554850 555302
559146 559629
560806 560890
561935 562381
563173 563628
567042 567145
569756 569913
575101 576037
578064 578175
578943 579073
580040 580427
583240 583804
585025 586921
587500 588353
589042 589294
590307 590914
593811 593925
598955 599650
602071 602689
605603 606734
607779 608276
609082 609473
610159 610309
611866 612138
612864 612946
615597 615875
618312 618424
618949 619218
619876 620317
622206 623109
630368 631529
633835 634145
634683 634924
640042 640783
645706 645966
647319 647615
648221 648675
650371 650618
651843 652000
652679 653376
655450 656115
657140 657470
659283 660357
661689 662717
663367 664703
668379 668772
669575 669864
673855 674106
675252 675780
683431 684508
687422 687662
688298 689023
690426 691494
697194 697859
699972 700151
700994 701342
703249 703499
707315 707389
712264 712621
714603 715207
716843 720817
723468 725689
726798 727037
727767 728797
729608 730131
730662 731261
732276 732516
733852 734034
735032 735132
736083 740316
742243 742783
743397 743532
745141 747738
747965 749768
750609 752325
752954 753053
753539 755403
756334 757022
758800 761148
762872 763318
764466 765034
765571 766671
768724 768968
770262 771003
771665 771857
775921 776940
780771 780844
784789 785193
786051 786451
789030 789495
790769 791151
792074 794733
795316 796548
798950 799164
801112 801490
804351 804602
806236 807712
809095 810338
811963 812205
816679 817097
820184 820484
821379 822426
823446 823927
825531 826303
831001 831443
832374 832663
834517 834631
835162 835693
839383 839618
840174 840619
841837 843591
844573 845068
845868 848353
848954 849361
850095 850352
851613 852270
852861 853475
855466 855944
857915 858151
861656 862992
863727 863921
867151 867359
869793 870667
873722 874538
876348 876664
883647 883906
884972 886798
888596 889445
890697 891045
891554 892626
893413 894046
895088 895430
896819 897293
898101 898172
901882 902822
905163 906743
907941 909167
910128 910964
911539 911896
913447 913570
916649 917524
919815 920108
924855 926089
928517 928581
930867 931162
931716 932338
933516 934195
935639 936231
938307 938379
941438 941907
942749 942991
943621 944909
945636 945927
949920 950364
952361 952622
953227 953568
954497 955282
957001 957453
958056 958585
960626 960792
962278 962586
964081 964543
965232 965918
966561 966708
969156 969784
971449 972632
973585 973637
974645 974834
977399 978327
979987 981447
984737 985103
986985 988579
989481 990608
991524 991786
993130 993468
995641 996102
999115 999565
1000333 1000958
1002620 1005431
1005983 1006955
1010707 1011033
1012051 1015894
1016526 1018505
1019682 1020530
1022510 1022760
1023302 1023707
1024602 1025627
1026236 1026631
1027505 1027847
1028840 1030039
1030947 1031314
1033746 1033841
1034388 1034746
1035346 1035671
1036214 1036365
1037146 1037568
1039770 1040049
1040702 1040826
1042568 1045527
1046041 1051831
1053206 1053326
1057740 1058231
1059610 1059786
1060593 1060987
1064137 1064561
1067170 1067522
1068640 1068967
1076057 1076145
1077638 1078054
1079647 1081232
1082154 1082916
1083541 1084173
1087324 1089382
1089951 1092012
1094912 1095250
1096289 1096967
1100536 1100602
1102038 1102758
1104986 1106163
1108291 1109063
1111515 1111662
1115812 1117268
1118002 1118590
1120512 1121195
1123406 1123995
1129113 1129710
1132612 1132965
1136670 1137128
1138773 1139137
1142609 1143194
1145057 1145180
1146302 1147082
1152947 1159316
1171111 1171493
1178059 1178290
1178989 1179389
1179962 1180395
1181257 1181347
1183491 1184424
1185008 1191671
1193107 1193159
1193676 1195375
1198028 1198496
1199644 1200203
1200504 1200668
1201186 1202896
1204124 1204376
1207736 1208123
1213735 1213784
1215019 1217570
1222646 1222816
1224848 1225437
1229672 1230555
1232502 1232719
1234218 1234468
1236389 1236843
1239474 1239797
1242435 1244129
1244707 1244987
1245832 1246836
1251106 1251224
1251917 1251976
1257144 1258031
1260388 1261653
1264008 1264278
1265101 1265713
1266708 1267798
1268808 1268980
1269700 1269953
1274916 1274985
1276533 1276621
1278381 1278626
1282416 1282500
1284345 1285016
1287225 1288405
1293446 1293663
1295337 1295522
1301052 1302011
1302624 1308988
1309550 1310042
1314643 1315273
1323954 1324040
1325446 1326791
1327475 1328142
1330225 1330471
1332978 1333458
1334166 1334443
1335321 1338998
1342296 1342766
1344620 1345185
1346011 1347041
1348984 1349095
1349763 1349942
1352553 1354336
1354895 1358576
1361811 1364505
1368830 1369093
1369648 1369794
1371768 1372947
1373471 1374623
1375692 1376012
1379531 1380020
1381560 1381641
1383441 1383884
1384990 1385585
1387297 1388595
1389145 1389349
1391183 1391588
1394801 1395277
1400220 1400386
1403206 1404049
1408433 1409536
1410115 1413972
1415507 1415668
1416688 1416761
1420035 1420150
1425005 1425103
1427338 1427600
1428393 1428977
1429775 1431056
1432821 1433608
1434178 1435059
1435580 1435831
1436657 1437407
1438985 1441048
1447343 1448952
1449659 1449750
1455522 1455645
1457045 1458995
1460424 1460733
1461419 1461554
1462645 1465341
1466224 1466345
1469789 1470475
1473211 1473495
1479267 1479326
1480060 1480689
1481552 1481850
1482840 1483399
1484085 1484309
1485846 1486730
1491182 1492269
1492774 1494328
1495233 1495702
1497448 1501496
1502627 1502731
1503083 1503714
1503948 1505112
1505296 1507290
1509149 1509644
1510240 1510500
1511428 1512164
1512855 1513068
1513751 1514178
1514814 1515124
1515690 1518370
1518896 1520139
1520832 1520924
1521959 1522511
1523454 1524114
1525213 1525316
1526532 1527520
1532296 1534022
1534539 1535600
1539024 1539277
1540101 1540684
1542749 1543302
1547608 1547761
1548591 1548790
1549512 1550509
1555682 1556392
1557035 1557373
1558684 1559532
1560256 1561617
1564547 1565108
1569163 1569504
1571015 1571996
1572816 1572954
1573862 1574452
1575670 1575880
1579872 1580089
1584184 1584708
1587234 1591954
1593605 1596127
1597126 1598235
1603033 1604519
1605790 1607025
1607961 1608311
1608836 1608917
1610077 1611654
1612252 1613041
1613857 1614192
1615818 1616042
1618118 1618237
1618768 1619823
1622695 1623372
1627247 1628249
1630692 1632254
1632883 1633469
1635643 1635894
1636541 1636955
1640865 1641028
1642774 1642915
1643463 1644821
1645889 1646119
1647555 1648072
1648779 1648837
1649575 1650405
1656404 1657275
1658785 1660579
1663914 1664149
1664725 1665229
1666607 1666778
1667796 1667911
1668521 1669257
1670911 1671493
1673741 1674248
1675115 1675715
1677165 1677926
1678825 1678931
1679479 1681349
1684677 1685268
1686510 1686818
1688391 1688458
1689438 1689768
1690421 1690547
1691364 1691943
1692793 1692848
1696710 1697028
1698353 1698657
1699702 1700016
1701247 1701677
1702853 1704291
1704944 1706148
1707191 1708279
1708861 1708943
1710633 1710908
1711670 1711911
1712531 1712877
1714089 1716199
1717421 1718058
1718845 1719800
1720483 1722086
1726917 1727255
1727864 1727930
1728797 1728940
1730174 1730943
1731565 1738458
1738981 1740654
1742390 1743227
1743732 1743827
1744799 1744994
1746439 1748022
1749595 1750669
1753100 1753898
1754686 1755716
1758113 1759175
1763139 1764165
1766545 1767276
1768780 1768900
1769477 1770939
1772550 1774747
1775101 1775224
1776908 1780081
1780932 1781535
1785652 1785947
1786487 1786540
1787826 1788053
1789162 1790156
1791780 1793040
1800360 1800459
1802882 1804380
1805075 1806199
1806791 1807225
1807763 1808339
1809737 1810082
1812575 1814072
1816129 1816924
1817445 1817798
1818507 1818732
1819921 1820105
1821015 1821300
1822860 1823227
1824082 1824752
1827290 1832069
1832676 1832813
1833500 1833767
1836083 1837020
1837964 1839140
1840407 1842072
1842732 1846259
