NC_017451.1_Haemophilus_influenzae_R2866__complete_genome
37368 39656
48566 48706
64432 64595
90283 90737
119660 122005
160806 161080
171174 171935
210538 212024
252067 252157
258712 264507
300773 317458
326600 327507
343688 343772
358842 360554
362361 362410
369507 370673
371412 371830
447680 452401
459696 464068
467478 468234
479914 480584
489249 489648
489922 490279
497259 498368
512172 517622
523773 564325
572617 575709
593743 594150
594275 594749
615996 618436
710862 711225
712795 716129
723401 727041
741293 741392
746036 746198
772420 772755
812052 812294
871304 871562
891434 893708
921365 927085
950355 950578
954946 956705
982791 986375
987207 997166
997270 1003834
1008007 1008141
1017967 1018115
1060912 1061065
1081031 1082135
1097927 1098241
1118610 1121833
1122437 1122767
1123497 1124419
1168232 1174552
1178465 1178571
1206421 1206602
1249622 1249726
1343649 1343862
1357221 1358107
1369410 1370099
1384040 1389931
1401349 1409173
1420772 1433971
1437080 1437178
1487554 1487672
1537875 1539340
1568016 1576191
1586473 1586613
1597582 1602286
1651085 1656288
1658995 1660797
1684465 1684534
1713552 1713736
1715859 1715991
1743067 1772738
1773216 1775372
1775983 1779904
1792687 1794686
1798990 1804785
1809175 1824150
1835746 1836135
1866803 1873090
1899634 1900682
1900995 1906313
1911722 1918304
1923751 1932306
