NC_017451.1_Haemophilus_influenzae_R2866__complete_genome
26892 33309
37368 39656
48566 48706
64432 64595
87701 87805
119678 122023
160806 161080
183959 184603
210538 212024
244399 244541
258729 264524
277092 277808
294061 296258
300773 317458
326646 329451
359066 362656
369507 370673
370811 371830
432040 432120
447680 452405
459685 464057
479609 483217
497262 498348
512172 517622
523631 608562
611488 611618
611896 612006
612846 612915
615995 618436
641585 641762
711325 711525
712826 716129
723401 727041
745987 746078
772494 772916
811418 811819
871304 871562
881960 882617
891434 896610
905216 905534
923578 927085
953753 956705
991779 992092
997008 997240
999258 999314
1008007 1008141
1060912 1061065
1080090 1081071
1095090 1095161
1097927 1098241
1118868 1121229
1122468 1122767
1123497 1123927
1168010 1174573
1178472 1178578
1185634 1185747
1206422 1206674
1313993 1317983
1357196 1358457
1369410 1370099
1382498 1382732
1394315 1394661
1401349 1409173
1420876 1437178
1487554 1487670
1496880 1498734
1511041 1511145
1552782 1564487
1568016 1576191
1591769 1591833
1597581 1597783
1634447 1634828
1660827 1660883
1671534 1671585
1710068 1710324
1712184 1714224
1743357 1755817
1760185 1760416
1760521 1772738
1773196 1775541
1775900 1779904
1794689 1795567
1801725 1804829
1809148 1814181
1823651 1826907
1835785 1836259
1846980 1856106
1866738 1873081
1880510 1880607
1888520 1889215
1900741 1906420
1911722 1918304
1923751 1932306
