NC_017451.1_Haemophilus_influenzae_R2866__complete_genome
26892 28304
37368 39656
48566 48706
64432 64595
87658 87803
119674 121561
160806 161080
171182 184603
193636 193728
210538 212016
244399 244541
258729 264524
277120 277842
295886 296258
301977 302323
326286 327510
347103 347568
357043 362602
369507 370673
371412 371830
447680 452401
459696 464068
466417 466629
477804 483217
497262 498348
523631 608562
611488 611618
611896 612006
612846 612915
615995 618436
709037 709545
714791 716129
723401 727041
745987 746078
772420 772755
811418 811819
871304 871562
881960 882617
891434 893707
905216 905561
923578 927085
953848 956705
986459 987157
990942 991877
992146 992504
993058 993627
997008 997240
1008007 1008141
1017967 1018115
1060912 1068059
1080139 1081071
1097824 1098241
1118868 1121229
1122468 1122767
1122844 1123279
1123675 1123927
1168010 1174573
1178472 1178578
1185634 1185747
1206421 1206602
1314160 1318150
1332771 1332892
1357196 1358457
1369606 1370086
1384730 1388242
1401349 1409173
1416331 1416435
1420871 1422487
1429811 1433042
1487554 1487670
1496880 1498734
1552789 1562847
1564209 1576191
1591769 1591833
1597581 1597783
1634436 1634817
1710123 1710244
1713805 1716042
1743357 1752727
1752974 1754878
1755187 1755817
1760571 1772737
1773196 1775543
1775900 1781723
1791603 1794164
1809175 1814185
1823920 1824103
1835786 1835969
1842546 1842729
1846980 1873081
1900733 1901039
1905912 1906420
1911722 1918304
1923751 1932306
