NC_017451.1_Haemophilus_influenzae_R2866__complete_genome
37368 39656
48566 48706
64432 64595
87702 87805
90283 90737
119660 122005
160806 161080
171174 171935
210538 212024
252067 252157
258712 264507
277092 277859
295886 296258
300773 317458
326600 327507
343688 343772
358842 362656
369507 370673
371412 371830
432040 432168
447680 452401
459696 464068
467478 468234
477804 483217
489249 489648
489922 490279
497259 498368
512172 517622
523438 564325
572617 575709
593743 594150
594275 594749
608375 608562
615996 618436
709044 709115
712795 716129
723401 727041
741293 741392
746036 746198
772420 772755
812052 812294
871304 871562
891434 893708
899417 899599
905347 905480
921365 927085
954946 956705
982791 986375
987207 997166
997270 1003834
1008007 1008141
1060912 1061065
1080112 1082135
1095110 1095161
1097927 1098241
1118610 1121833
1122437 1122767
1123497 1124419
1168232 1174552
1178465 1178571
1185634 1185747
1206421 1206602
1249622 1249726
1343649 1343862
1357221 1358107
1369410 1370099
1384040 1389931
1401349 1409173
1420772 1433971
1437080 1437178
1487554 1487672
1537875 1539340
1568016 1576191
1586473 1586613
1597582 1602286
1651085 1656288
1658995 1660797
1684465 1684534
1710068 1710565
1713805 1714224
1743067 1772738
1773216 1775372
1775900 1781770
1792687 1794686
1798990 1804785
1809175 1824107
1835746 1836135
1852434 1852813
1853563 1853712
1854325 1855653
1866803 1873090
1880510 1880607
1899634 1902902
1911722 1918304
1923751 1932306
