NC_017451.1_Haemophilus_influenzae_R2866__complete_genome
26892 28304
37368 39656
48566 48706
64432 64595
87658 87803
119822 121561
160806 161080
171182 184603
210538 212016
244399 244541
258729 264524
277153 277809
296046 296225
301971 302317
326286 327510
347103 347568
357076 359816
369507 370673
371412 371830
432164 432289
447680 452401
459696 464068
466450 466596
477837 483101
497262 498348
523710 549574
549690 551466
551585 608327
611488 611618
611896 612006
612846 612915
615995 618436
709070 711355
712215 714289
714658 716129
723401 727041
745987 746078
772420 772755
811418 811819
871304 871562
881960 882617
891434 893707
906198 906496
923578 927085
953848 956705
990942 991102
991203 992504
993241 993385
997008 997240
1008007 1008141
1060912 1068059
1080219 1080879
1097824 1098241
1118868 1121055
1122468 1122767
1123675 1123927
1168010 1174573
1178472 1178578
1206421 1206602
1314160 1318150
1332771 1332892
1357196 1358457
1369606 1370086
1384730 1388242
1401349 1409173
1416331 1416435
1420871 1422487
1429811 1433042
1487554 1487670
1496880 1498734
1552789 1562847
1564209 1576191
1591769 1591833
1597581 1597783
1634436 1634817
1713731 1715637
1743357 1752727
1752974 1754878
1755187 1755817
1760601 1772738
1773196 1775543
1775933 1776400
1781221 1781690
1791603 1794164
1809175 1814185
1846980 1873081
1900426 1901331
1905912 1906387
1911722 1918304
1923751 1932306
