NC_017451.1_Haemophilus_influenzae_R2866__complete_genome
26892 33309
37368 39656
48566 48706
64432 64595
119678 122023
160806 161080
183959 184603
210538 212024
244399 244541
258729 264524
277125 277775
296046 296225
317178 317458
326646 329451
357076 362527
369507 370673
370811 371830
432157 432282
447680 447752
447859 452405
459685 464057
477837 481209
497262 498348
512172 517622
523664 608344
611488 611618
611896 612006
612846 612915
615995 618436
641585 641762
711350 711525
714975 716129
723401 727041
745987 746078
811418 811819
871304 871562
881960 882617
891434 896610
906030 906592
923578 927085
953753 956705
997008 997240
1008007 1008141
1060912 1061065
1080686 1080878
1097927 1098241
1118868 1119574
1122468 1122767
1123497 1123927
1168010 1174573
1178472 1178578
1206422 1206674
1313993 1317983
1357196 1358457
1369410 1370099
1382498 1382732
1394315 1394661
1401349 1409173
1420876 1437178
1487554 1487670
1496880 1498734
1511041 1511145
1552782 1564487
1568016 1576191
1591769 1591833
1597581 1597783
1634447 1634828
1660827 1660883
1710156 1710324
1713805 1716009
1743357 1755817
1760185 1772738
1773196 1775541
1775933 1779957
1794689 1795567
1801725 1804829
1809148 1814181
1823651 1826907
1835785 1836259
1846980 1856106
1866738 1873081
1888520 1889215
1900774 1906387
1911722 1918304
1923751 1932306
