NZ_LN831035.1_Haemophilus_influenzae_genome_assembly_NCTC8143__chromosome___1
131932 131995
270722 273554
274280 275815
303656 309380
320420 323197
374435 377466
413043 413425
420210 422958
433334 437159
447593 448600
674745 677157
678779 679051
689211 690117
705870 705993
765283 766708
805171 805226
846362 848112
851198 851704
860957 862035
963055 968397
968543 969425
1049105 1050302
1145774 1151310
1205725 1206060
1213534 1223812
1339091 1339372
1345779 1346595
1417695 1417750
1449126 1451338
1469802 1470147
1475370 1475853
1594699 1594808
1626099 1634634
1685020 1692430
1886464 1890645
