NZ_LN831035.1_Haemophilus_influenzae_genome_assembly_NCTC8143__chromosome___1
1360 1605
4345 8809
46259 73440
108891 109052
112668 114416
136532 155991
156557 156771
157968 168405
169044 173790
174496 176064
223823 223977
230293 230481
231287 231489
235558 235992
242598 269963
270110 270302
272045 272164
272787 272894
273679 275739
294395 294481
295356 303273
303359 309304
320390 320731
359403 364254
374110 377466
381999 392519
393038 393299
405376 406071
415459 415651
417064 418809
419311 419924
420949 423675
431747 433258
433386 433566
433696 452484
469030 469553
469674 469838
470312 473362
475056 475113
477127 480384
480895 482470
484158 486577
531460 532269
532993 535858
543768 545066
546488 547228
548804 549145
549667 550192
550721 551862
560528 561800
562310 567882
567964 587558
588073 588648
599458 606571
607110 607444
617538 627579
628332 629410
629992 630241
642039 660385
660806 691613
705862 709739
712976 714316
735115 737956
738458 746212
765305 766707
791639 801412
805158 818657
818890 819523
819647 823737
832980 837502
846293 851703
851831 862151
869783 870862
878607 878669
899963 900153
908831 908883
937794 943174
943260 951867
952431 962858
964625 968440
968543 971803
972081 973923
975026 988085
997382 997564
998712 998945
1012271 1012439
1013395 1013986
1016375 1028681
1030478 1030549
1033304 1033496
1040585 1041960
1048015 1052841
1053537 1064433
1064988 1070658
1071363 1085577
1133243 1133386
1139027 1143582
1144118 1151421
1151569 1151642
1155761 1173266
1177939 1179144
1190504 1205549
1213500 1223882
1240069 1255126
1255243 1255329
1256234 1256950
1259692 1259991
1274065 1281727
1295448 1295538
1295754 1317456
1318785 1318998
1325581 1329690
1330250 1331645
1334206 1336805
1338834 1351936
1352363 1352665
1357645 1357734
1358691 1359296
1360115 1362373
1362673 1363081
1388018 1388087
1390501 1402628
1421066 1423084
1431757 1432176
1439658 1443759
1444729 1451368
1451768 1451858
1452426 1456342
1456963 1461205
1461850 1463856
1464689 1464810
1465123 1478847
1479457 1480042
1481214 1488116
1489699 1489755
1507440 1508510
1509344 1521554
1526160 1526217
1534747 1538396
1539199 1540337
1540895 1543194
1554945 1557086
1569967 1597804
1598352 1637023
1653337 1653547
1653786 1664267
1681975 1682153
1685031 1692430
1711696 1714772
1715308 1715547
1726416 1726712
1729572 1731163
1749657 1749820
1818489 1827699
1842014 1850643
1858343 1860884
1881657 1890645
