NZ_LN831035.1_Haemophilus_influenzae_genome_assembly_NCTC8143__chromosome___1
1 12144
85750 85841
132011 132715
274228 274330
303656 309400
320372 324200
324786 330107
347164 347561
359308 359815
405376 407349
413043 413425
421170 423158
431749 437159
473348 473419
475056 475113
564783 568167
639031 639084
643880 646051
649210 659364
659512 662673
664066 691327
766142 767543
805142 806755
815619 817368
817571 818742
836395 836657
846215 847574
848238 851704
860947 862035
962987 969425
998712 999119
1016375 1034623
1035309 1036741
1037593 1038112
1038632 1043177
1046750 1048356
1048893 1050691
1052708 1052841
1076719 1076896
1087376 1088800
1145671 1151429
1205607 1205772
1215576 1222688
1360874 1362373
1362619 1365980
1439754 1451338
1471333 1471503
1503991 1505102
1507458 1509766
1624657 1624765
1626024 1634532
1685039 1685189
1692330 1692430
1749657 1749820
1807602 1807725
1842873 1843713
1858441 1861009
1867117 1867464
1881329 1881666
1886015 1890645
