NC_016809.1_Haemophilus_influenzae_10810_genome
1 4529
28143 45644
46258 56990
57629 59693
60398 66068
66647 80952
84167 84455
87550 92086
92623 143545
153769 154002
155149 155331
169945 171787
174616 175342
175498 175704
177447 177564
178187 178294
179080 179260
181026 191587
192151 206126
221491 221931
235157 235209
243890 244080
265203 265266
273011 296716
305844 306999
308005 311978
319579 319663
323016 324114
325670 337650
338993 347192
347730 352470
356242 403071
443483 447313
450377 450516
451027 453591
474646 475353
475605 475887
479120 479222
508626 508875
509464 510542
511295 532403
532942 540056
550864 551439
551954 589483
589994 601060
601589 602114
602636 602977
604553 605293
606715 608013
615923 620465
657922 660296
660835 667771
669459 674802
684102 684844
701365 705107
712082 713330
715393 715557
719018 719189
723469 723600
723740 737883
747077 747163
765815 782628
791549 809137
809369 814603
820876 825702
833661 835015
864460 865763
877048 911433
918041 922752
923648 923836
930152 930296
978439 980007
980713 985459
986098 996506
997703 997917
998483 1025269
1026204 1029251
1029880 1032327
1050776 1050917
1085725 1086310
1087114 1087808
1088073 1088785
1089441 1106718
1107314 1115941
1137155 1138099
1156345 1159759
1162500 1168725
1187231 1189400
1191110 1193134
1193717 1198793
1199324 1200041
1201909 1202564
1203251 1204594
1205679 1206034
1206617 1206805
1207518 1224482
1236083 1238617
1245626 1254197
1277556 1277768
1288529 1288649
1371922 1373753
1384618 1384866
1385402 1391125
1417652 1420737
1434734 1456149
1456365 1471473
1476582 1481855
1482519 1482732
1489316 1490183
1490610 1495922
1496879 1497484
1498303 1515044
1526794 1530407
1530965 1532103
1532906 1533136
1533721 1536774
1545301 1545358
1549964 1562009
1562597 1566386
1572125 1578731
1579268 1593011
1611357 1620534
1628087 1631524
1632490 1638703
1639709 1642601
1643222 1646221
1646914 1652998
1653834 1661110
1662111 1663172
1663817 1666159
1666992 1667113
1667817 1670890
1671662 1674006
1674780 1675557
1677210 1679867
1689526 1696244
1709104 1726623
1727459 1727866
1740748 1789941
1790187 1836338
1861728 1862280
1864964 1865680
1866586 1867076
1867192 1867283
1905830 1920833
1932184 1933006
1938990 1958422
1959879 1960314
1960878 1963544
1967663 1967736
1967839 1975204
1975740 1980290
