NC_016809.1_Haemophilus_influenzae_10810_genome
48296 49350
51430 54337
78485 78826
83031 83100
83940 84050
84328 84458
87550 143545
153595 154002
175496 178953
189372 189464
203003 203170
221516 221931
281864 282167
282987 283082
294640 296793
305507 305810
306502 307889
322994 323257
324753 326828
356193 383901
385191 390474
390721 398527
398761 403071
423259 423539
447254 447313
532119 532393
565898 566005
572195 572922
575827 575947
576812 577474
657922 658062
684560 684774
719018 721542
722423 723604
723834 724286
732310 737876
765719 771208
771344 771502
781975 782628
795466 795680
805538 810756
811720 812499
825317 825791
838847 839244
856301 861622
862208 863209
864460 865149
865293 865940
876951 882708
922803 922854
933507 933563
959460 959841
1021438 1022566
1073976 1074080
1089104 1089167
1090676 1090958
1153121 1153222
1156345 1157313
1158481 1167545
1180266 1180706
1206724 1224482
1231167 1231519
1238432 1238617
1239925 1240159
1252513 1253353
1303285 1303845
1307063 1307216
1363497 1363567
1368879 1369023
1371922 1372019
1387239 1388330
1417700 1417841
1462116 1462174
1470706 1471295
1476582 1476638
1489535 1490182
1500079 1501304
1501619 1505028
1529017 1529105
1533338 1534132
1555546 1557433
1558026 1562113
1563556 1563687
1565183 1566413
1639144 1640336
1644576 1645116
1645919 1646009
1646286 1646584
1653155 1653427
1656735 1657808
1659188 1661110
1665023 1665415
1669405 1672926
1676384 1676458
1677147 1677864
1678400 1678658
1695867 1696244
1708459 1709366
1709927 1712289
1713218 1714331
1715151 1717463
1720673 1721830
1723460 1723554
1725570 1726414
1740725 1740872
1764369 1764639
1765407 1765769
1768295 1768422
1769432 1769898
1775187 1782152
1783637 1787092
1789670 1791848
1833092 1833166
1843329 1844027
1866609 1867012
1932932 1933054
1954084 1954422
1957520 1957804
1958524 1959359
1960224 1960333
1967875 1973651
