NZ_LN831035.1_Haemophilus_influenzae_genome_assembly_NCTC8143__chromosome___1
1358 1603
4345 8237
8756 8936
12045 12144
71208 74092
112573 115778
129208 130351
131713 133048
146927 147070
210918 216109
220162 220511
244111 244180
245385 254638
271797 272167
272684 273469
275735 275867
303655 309448
320402 320512
330190 333297
347164 347713
359277 359694
370531 377592
406245 407349
413043 413425
419314 423253
431666 438302
469034 470007
535404 535858
564801 567893
567964 568185
572240 572380
629618 630241
639031 639084
642039 658963
659316 691613
738458 738597
765352 766427
791637 805159
806475 806755
815614 816822
832980 833064
836395 836657
846147 851572
860957 862035
952493 953249
963783 969425
974713 975112
975392 975752
982714 983758
997575 1003026
1012279 1012555
1013395 1013986
1016375 1052841
1087376 1088800
1145677 1151020
1173244 1173343
1177939 1179144
1205507 1205842
1213567 1222641
1222844 1223812
1239863 1240296
1255539 1255781
1325800 1351934
1360874 1362389
1362673 1363079
1416373 1423083
1449126 1451338
1458250 1475239
1476071 1478291
1503930 1504972
1509386 1510169
1540063 1540278
1555877 1557064
1593502 1595880
1598023 1598536
1624657 1624766
1625931 1630045
1685039 1692430
1728151 1728255
1807602 1807725
1818489 1818698
1842873 1843713
1857653 1862702
1881329 1881666
1886071 1887672
