NZ_LN831035.1_Haemophilus_influenzae_genome_assembly_NCTC8143__chromosome___1
131932 131995
231215 231274
270089 270594
271854 273479
274279 275835
303655 309401
319232 323197
374435 377466
413043 413425
420210 423086
431815 436526
447592 448601
565506 565784
567806 567910
649312 649422
674745 677157
678779 679051
705870 705993
765862 767555
785472 785598
805171 805226
846214 847753
849938 851071
860957 862035
963236 963656
964573 968398
968543 969425
1050270 1050430
1145841 1146050
1146558 1151314
1205725 1206060
1213533 1222683
1222844 1223812
1339091 1339372
1417695 1417750
1449126 1451338
1475370 1475854
1594699 1594808
1627582 1634635
1685020 1692430
1886464 1890645
