NZ_LN831035.1_Haemophilus_influenzae_genome_assembly_NCTC8143__chromosome___1
1360 1605
4345 8809
46259 73440
108891 109052
112668 114416
136532 156771
157968 176064
204616 205778
223823 223977
230293 231489
235558 235992
242598 269963
270110 270302
272045 272164
272787 272894
273679 275867
294395 303273
303359 309443
320390 320731
359403 364254
374455 377466
381999 393299
405376 406071
415459 423675
431732 433259
433386 433566
433695 437510
447593 452484
469030 473362
475056 475113
477127 486577
530922 532269
532993 535858
543768 551862
560528 567882
567964 588648
599458 607444
617538 630241
642039 691613
705862 709739
712976 714316
735115 737956
738458 746212
765541 767126
791639 801412
805158 823737
832980 837502
846543 851704
851831 862151
869783 870862
878607 878669
899963 900153
908831 908883
937794 943174
943260 963109
964625 968451
968543 971803
972081 988085
997382 997564
998712 999119
1012271 1012575
1013395 1013986
1016375 1028681
1030478 1030549
1033304 1033496
1040585 1041960
1048015 1052841
1053537 1085577
1133243 1133386
1139027 1151466
1151569 1151642
1155761 1173266
1177939 1179144
1190504 1205507
1213500 1223882
1240069 1258158
1259692 1259991
1274065 1281727
1295448 1295538
1295754 1318998
1325581 1329690
1330250 1331645
1334206 1336805
1338834 1351936
1352363 1352665
1357645 1362373
1362673 1363081
1388018 1388087
1390501 1402628
1421066 1423084
1431757 1432176
1439658 1451858
1452426 1480042
1481214 1488116
1489699 1489755
1507440 1508510
1509344 1521554
1526160 1526217
1534747 1543194
1554945 1557086
1569967 1597804
1598023 1637023
1653337 1664267
1681975 1682153
1685031 1692430
1711696 1715547
1726416 1726712
1729572 1731163
1749657 1749820
1776922 1777428
1818489 1828026
1842014 1850643
1858343 1860884
1881657 1890645
