NZ_LN831035.1_Haemophilus_influenzae_genome_assembly_NCTC8143__chromosome___1
999 1785
2399 2534
4142 8908
9700 11416
12045 14416
14920 20160
21884 22136
22894 23462
23999 25099
27152 27396
28968 29331
29993 30185
34249 35268
39099 39172
43117 43521
44379 44779
47358 47823
49097 49479
50402 50784
52341 52505
53631 54863
56437 57126
59411 59784
62662 62913
64547 65159
65881 66025
67932 68650
70271 70513
74985 77513
78494 78794
79303 80736
81756 82237
83597 84625
85750 85841
89299 89741
90672 90961
92812 92929
93460 93991
94500 95250
97681 97916
98472 99617
102871 103366
104166 106651
107252 107659
108393 108650
109904 110561
111152 111766
113757 114235
116199 116435
119940 121280
122014 122206
125436 125644
128078 128952
129677 132855
134118 134981
141964 142223
143294 143697
144311 144376
145849 146257
148235 148583
149092 150164
150951 151587
152629 152971
154360 154834
155642 155713
159423 160363
162704 164284
165482 166708
167669 168505
169080 169437
170988 171111
174190 175065
177356 177649
182396 183630
186058 186122
188408 188703
189257 189879
191057 191736
193180 193772
195848 195920
198979 199448
200290 200532
201162 202450
203177 203468
207461 207905
209902 210163
210768 211110
212039 212824
214543 214995
215598 216147
218185 218331
219836 222162
222851 223537
224208 225502
226804 227432
229097 229759
232246 232435
235000 235912
237573 239033
242323 242689
244571 246165
247067 248194
249110 249372
250716 251054
253227 253688
256701 257151
257919 258544
260206 263017
263569 264541
268294 268620
269638 276087
277264 278112
280092 280342
280884 281289
282184 283209
283818 284213
285087 285429
286422 287621
288529 288896
291328 291423
291970 292328
292928 293253
293796 293947
294728 295150
297352 297631
298284 298408
300150 303109
303622 309467
310127 311792
313064 314235
315175 316113
318431 318696
319386 319507
320113 321888
322446 324944
327482 329804
330512 330699
331397 331891
332636 334321
335242 335426
336615 337907
338423 339226
341283 341466
342102 342768
345262 345607
347005 347581
348119 348553
349145 350270
350965 352463
354886 354985
358652 359815
362295 363555
365179 366174
367283 368228
368799 368852
369393 369688
373808 378333
381999 382691
387965 388523
389129 389507
391886 392912
396876 398267
400329 401359
402147 402945
405376 406763
407350 407432
409119 409397
410159 410400
411020 411868
412652 414842
416067 416701
417488 418443
419125 423162
425713 426051
426660 426726
427593 427736
428970 429738
430360 433566
433766 437253
437776 439449
441185 442019
442524 442619
443188 443787
445220 445972
448365 449135
450178 451382
452035 453473
454649 455079
456310 456624
457669 457973
459298 459617
463479 463534
464384 464963
465780 465906
466566 466889
467869 467936
469509 469817
471059 471650
475056 475113
475692 475798
476697 477459
478909 479506
480373 480880
483128 483710
485364 486100
486710 486825
487843 488014
489392 489896
490472 490707
494042 495836
497347 498459
500938 501844
504221 505051
505789 505847
506554 507071
508507 508737
509805 511163
511711 511852
513598 513761
517671 518085
518732 518983
521157 521743
522372 523934
526377 527379
531254 531931
534803 535858
536389 536508
538584 538808
540434 540769
541585 542374
542972 544549
545709 545790
546315 546665
547601 548836
550107 551593
552452 552814
553588 557501
558500 561022
562673 568167
570682 571206
575301 575518
579510 579720
580938 581528
582436 582574
583394 584375
585886 586226
590281 590842
593771 595132
595856 596704
598015 598353
598996 599706
604879 605876
606598 606797
607627 607780
612086 612639
614702 615285
616109 616362
617538 618665
619035 620099
620612 622076
629021 629443
630535 633817
634510 635753
636279 638959
639031 639895
640531 640958
641641 641854
642545 643281
643880 646203
646794 647292
649210 655081
655245 655507
655887 659356
659489 660079
660582 662673
663187 691781
692872 693007
693693 694002
695431 697381
698781 698904
701472 701859
704672 704764
705471 706584
712880 713181
713294 714959
716537 717287
718113 718364
718885 718963
719504 719766
720336 721122
722887 724168
724966 725550
726343 726605
728840 728938
731795 733909
737231 737304
738324 738485
740020 740341
742096 743877
744456 745559
749943 750786
753606 753773
758716 759192
762407 762812
764646 764850
765400 767808
769520 770115
771221 771664
773464 773545
775085 775574
781070 781630
783232 783333
785307 785453
786008 786271
791307 792437
795671 798196
798585 799337
799896 801679
804285 805071
805138 805323
806485 806765
807544 808574
809400 809965
811852 812321
815619 819287
820165 820442
821150 821630
824137 824383
826466 827133
827817 829162
830568 830654
839335 839965
844566 845058
845620 851985
852598 853557
859087 859272
860947 862035
862946 863487
864348 865766
866343 867523
869730 870404
872250 872334
876124 876369
878129 878217
879765 879834
884824 885077
885797 885969
886979 888069
889064 889676
890499 890769
893123 894388
896745 897632
902800 902859
903552 903670
907937 908941
909786 910066
910644 912338
914976 915299
917930 918384
920305 920555
922054 922271
924218 925101
925605 925695
929337 929926
931958 932128
937204 940231
940767 944156
946478 946865
950225 950477
951705 953415
953933 954097
954398 954957
956105 956573
959226 960925
961442 961494
962930 971375
973519 973609
976043 976444
977143 977374
983937 984319
996114 996972
997575 998027
998772 998855
999478 1003648
1012393 1013173
1014295 1014418
1016281 1028681
1029094 1042588
1043151 1048356
1048893 1051231
1052423 1053333
1056805 1057169
1058814 1059272
1060993 1061916
1062486 1063330
1066232 1066829
1070899 1071260
1072229 1075429
1080115 1080273
1084423 1084570
1087022 1089200
1091327 1092504
1094732 1095452
1096888 1096954
1098526 1099330
1100523 1101201
1102240 1102579
1105479 1107540
1108109 1110167
1113318 1113950
1114575 1115337
1116259 1117844
1119437 1119853
1121346 1121434
1128533 1128860
1129978 1130330
1132939 1133355
1136516 1136910
1137717 1137893
1139272 1139763
1144177 1144295
1145670 1151620
1154291 1154541
1156050 1156304
1156822 1156878
1161118 1161951
1166849 1167002
1168750 1169154
1171855 1172172
1175205 1175788
1177358 1177519
1181307 1181719
1183317 1183497
1186210 1186606
1192766 1193324
1194121 1196725
1197705 1198214
1202974 1203417
1205603 1205880
1207573 1207807
1208497 1209039
1214783 1222689
1224964 1225561
1226914 1227494
1228458 1228963
1231645 1232152
1233991 1234309
1236037 1236199
1237511 1237917
1238434 1238804
1244034 1244803
1245542 1245728
1248242 1248474
1250227 1250342
1251196 1251796
1252922 1254418
1255462 1256396
1269803 1270579
1271528 1272310
1272859 1274377
1278631 1278893
1282048 1283530
1285447 1287075
1288134 1289080
1296930 1296990
1299471 1299808
1301904 1302028
1303416 1303517
1305718 1306616
1310127 1310304
1311269 1311727
1314490 1315274
1316935 1317032
1317414 1317549
1319963 1321124
1322353 1322678
1335979 1336485
1343662 1343860
1344738 1347684
1352473 1352716
1354167 1354265
1355254 1356212
1358397 1358589
1359095 1359340
1360874 1362365
1362514 1364598
1366117 1366246
1368308 1368431
1371095 1371246
1372213 1372576
1375763 1376035
1376693 1377238
1377996 1378595
1379164 1379613
1382858 1383651
1384908 1385580
1388028 1390389
1396218 1396920
1402428 1402495
1403932 1404409
1406444 1406654
1408356 1410793
1413483 1413914
1416142 1417813
1419671 1419753
1437284 1438076
1439325 1440572
1441143 1442919
1444168 1444572
1445857 1451475
1452128 1452534
1453145 1453770
1453847 1453987
1463591 1463810
1468990 1469134
1469749 1470529
1471336 1471507
1472621 1472904
1475644 1475906
1477762 1478122
1480788 1481236
1481864 1482007
1489062 1489724
1494326 1494745
1495936 1496282
1498691 1499227
1502795 1505227
1507458 1508798
1509960 1511295
1511967 1512767
1512897 1513565
1513879 1514727
1515286 1515513
1516826 1519292
1519938 1520507
1524537 1525380
1529526 1530174
1532970 1533124
1537701 1537917
1542271 1542745
1548522 1548636
1551033 1551649
1553808 1554222
1555842 1555984
1561567 1562182
1563648 1564313
1566004 1566189
1567879 1568316
1569983 1570185
1570965 1572560
1576253 1576493
1579842 1581379
1583344 1583666
1585304 1585447
1590924 1591627
1592515 1593164
1594189 1594293
1607078 1607313
1610233 1610305
1610883 1611191
1613285 1613526
1617084 1617144
1619162 1620104
1623485 1623634
1624267 1624405
1624657 1625040
1625937 1634533
1637100 1638182
1641281 1642395
1645506 1645833
1654089 1654503
1655202 1656422
1657259 1657384
1661415 1661703
1665799 1666363
1668256 1669183
1674609 1675277
1676308 1676636
1677509 1677754
1678775 1681057
1683009 1683274
1684390 1685189
1686034 1687815
1690579 1691270
1692330 1694507
1696017 1696492
1698724 1699128
1699707 1701923
1703485 1703657
1704974 1705186
1705998 1706450
1710294 1710777
1711954 1712038
1713083 1713529
1714321 1714776
1718191 1719444
1719991 1722213
1725097 1727258
1729285 1729396
1730164 1730294
1731261 1731648
1734462 1736226
1739550 1740917
1741739 1743128
1743744 1743943
1748972 1749831
1752263 1752881
1755795 1756926
1757971 1758468
1759274 1759665
1760351 1760501
1762058 1762330
1763056 1763138
1765789 1766067
1768504 1768616
1769141 1769410
1770068 1770509
1772398 1773301
1780560 1781721
1784027 1784337
1784875 1785116
1790234 1790975
1795898 1796158
1797511 1797807
1798413 1798867
1800563 1800810
1802035 1802192
1802871 1804412
1805635 1806300
1807325 1807725
1810167 1810423
1813468 1813613
1814200 1814809
1818486 1818541
1819718 1820007
1823938 1824189
1825335 1825863
1833514 1834590
1837505 1837745
1838378 1839105
1839738 1841576
1842765 1844798
1845380 1847930
1850046 1850222
1851051 1851413
1853319 1853572
1855327 1856732
1857386 1857463
1858345 1861849
1863832 1864436
1867117 1867464
1867815 1868154
1869222 1870046
1871584 1874919
1876034 1876267
1876994 1878027
1878838 1879363
1879893 1880495
1881628 1881897
1883233 1883415
1884411 1884511
1886015 1889713
