NC_014920.1_Haemophilus_influenzae_F3031_complete_genome
16568 21862
81287 81356
82196 82306
82601 82731
85812 92371
92750 118034
124159 124208
125127 127439
150561 150748
153142 153395
156714 157202
160781 162171
171877 172375
186084 194306
195369 197053
206249 222677
265499 265653
269421 269477
272542 272684
277479 283280
326736 328225
328604 351437
352357 352566
352678 352985
353622 354992
355684 358679
361131 365169
365830 368385
369958 370389
371961 372039
373064 373259
383069 388192
395682 396658
415512 415603
420517 421765
428856 431821
447584 447983
468141 482572
486152 493734
500792 501751
506085 508260
536269 536670
555162 555270
576952 583893
585691 586357
598152 598742
611432 612716
613939 615057
616737 616867
617154 628400
637247 638028
638336 638828
663115 675629
675846 676543
686492 689478
697623 699694
716345 716413
719633 722502
728984 737266
755850 770014
779257 779645
783193 784710
796497 800535
801471 803157
803817 816087
854230 859017
860199 860519
861837 867479
867693 881394
885310 885688
887397 888047
888345 890842
891298 891673
892388 892698
894376 894523
894602 897461
897739 909687
954492 961672
992759 993010
1034299 1037549
1050487 1059372
1060070 1066575
1117505 1117626
1129151 1129397
1153076 1153716
1168337 1171880
1185401 1185509
1192318 1192422
1196869 1198373
1205587 1209691
1221977 1224001
1240822 1249095
1249874 1251203
1252005 1252238
1255308 1255502
1258224 1262577
1262988 1263457
1265352 1266772
1277764 1277904
1292822 1292938
1302146 1304012
1304663 1307386
1319018 1319137
1345944 1347417
1358956 1359033
1363435 1363713
1367242 1369302
1443602 1443766
1447803 1448169
1497488 1503825
1531699 1537070
1545236 1548663
1559651 1560299
1582905 1583002
1583815 1588801
1592487 1595183
1601362 1606124
1613197 1618200
1645168 1645366
1647957 1648053
1648815 1656615
1659082 1666599
1672559 1673566
1694009 1695191
1700179 1702138
1719044 1722790
1795587 1797778
1830877 1833023
1838750 1839297
1883829 1884281
1886007 1886082
1902545 1902959
1921511 1921945
1961866 1965359
1972318 1976257
