NC_014920.1_Haemophilus_influenzae_F3031_complete_genome
1 4536
16573 21862
32051 49555
50169 57675
58314 60378
61083 66752
67307 78203
82423 82711
85995 118034
118264 124208
124300 126141
127158 127645
136936 149995
150561 150748
151286 153404
153536 156910
159289 159396
160181 162240
171032 176054
185295 193198
193318 193951
194541 220965
269421 269477
273187 275798
277479 283280
302569 307217
325241 354923
355350 371912
371961 372439
372975 384511
384639 384819
384945 388508
392627 396184
409504 409571
415563 453175
453296 487381
488246 497694
500740 501456
501537 501750
508209 508262
521239 536082
536207 536696
537601 538317
541003 541397
555185 583058
583778 605987
607316 607529
611432 612707
613939 615057
616518 616811
617154 628401
628828 657129
663115 676714
686495 689482
697623 702676
710197 714248
715214 720808
721203 724768
725389 727967
728984 735134
735678 737345
738928 739003
758448 770029
774636 779645
796461 800029
800617 801126
801463 814864
815700 816111
828982 854519
854628 857706
858033 859529
859745 860267
860827 865201
865717 872450
873285 878782
878888 881394
882395 883456
884101 886432
887265 887560
887761 887991
888658 905151
905335 971915
989619 993036
1019568 1022651
1023187 1023435
1035077 1042006
1047258 1059372
1060051 1062017
1062387 1062545
1063360 1066637
1117505 1117626
1128367 1137646
1138944 1139595
1151961 1153080
1153828 1160636
1169523 1178457
1178698 1185509
1192318 1192422
1196767 1209666
1221977 1224000
1240822 1249095
1249874 1251203
1252005 1270444
1292822 1305031
1305296 1305989
1306791 1307386
1319018 1319137
1342172 1342329
1347244 1347391
1363435 1368672
1368803 1388696
1389262 1389476
1390673 1406479
1407185 1408753
1443602 1443781
1447806 1451622
1457916 1458096
1459063 1459148
1463217 1463651
1470259 1498306
1498454 1503751
1522400 1522486
1523361 1531316
1531402 1536996
1537217 1548663
1552547 1562864
1571787 1572440
1573717 1583072
1583200 1588725
1592487 1592607
1592703 1595183
1602639 1623386
1623903 1625677
1636729 1641493
1647957 1666739
1672560 1695191
1704161 1707415
1707926 1713609
1719059 1722790
1762203 1763018
1763743 1766608
1774518 1775816
1777238 1777978
1779554 1779895
1780417 1780942
1781471 1792548
1793058 1817927
1828736 1837980
1838515 1839398
1849496 1859446
1860199 1861288
1861877 1862126
1873720 1881747
1881830 1887152
1902520 1902959
1916198 1921945
1925302 1925481
1945370 1945433
1953178 1976205
1978079 1979501
1980037 1984592
