NC_014920.1_Haemophilus_influenzae_F3031_complete_genome
16573 22533
54854 54994
81287 81356
82196 82306
82601 82731
85813 118034
125137 126142
150561 150748
153142 153395
160183 162316
172408 172647
186084 189897
195369 196757
205871 220965
265499 265653
269421 269477
272542 272684
277479 283280
310872 310990
325527 328565
334122 334187
334429 335020
335755 335841
347478 354275
357581 365169
365271 365379
365830 370389
371961 372039
373064 373259
383002 384281
384946 388295
395682 396170
415512 415603
428856 431821
446651 447983
468140 482572
486152 489413
490787 493734
500792 501751
508211 508262
536269 536670
555162 555270
576683 583061
583777 583893
585691 586357
598162 598752
611432 612716
613939 615057
616737 628400
637247 641771
663115 675629
675846 676543
686495 689478
697623 699694
719633 722502
728984 737266
753244 753510
757799 758695
759257 760225
760818 761689
761831 770014
779257 779645
783193 784710
796497 797716
798939 799070
801471 804950
805739 806219
809423 810071
811701 811795
813811 814655
852756 852954
854230 859017
860199 860519
861727 864474
864900 865387
867032 867680
872607 874323
876412 878061
878865 881394
885050 885150
885310 885688
887397 890842
891298 893292
894947 897461
897745 909687
909935 911614
954492 961672
992734 992988
1034299 1037549
1050548 1059372
1060019 1066637
1129151 1129397
1152884 1153718
1166106 1166340
1171765 1172008
1178109 1178457
1196851 1202840
1205587 1209695
1212791 1212889
1221977 1224000
1240822 1249095
1249609 1251203
1251735 1252238
1252602 1263627
1263789 1270448
1277764 1277904
1292822 1292938
1302146 1304012
1345944 1360282
1360895 1362073
1362585 1363713
1367242 1369302
1443604 1443781
1447803 1448258
1497488 1503844
1531699 1536996
1545236 1552566
1571787 1572440
1582905 1583002
1583205 1588821
1592487 1595183
1602462 1603367
1604491 1604753
1605452 1606124
1613170 1618196
1636729 1637054
1645168 1645366
1650061 1650840
1651804 1656615
1660501 1660565
1661198 1661254
1662219 1662296
1663635 1666608
1694009 1695191
1719044 1722790
1795549 1798049
1831078 1831937
1832855 1832975
1838750 1839297
1883828 1884387
1884879 1886082
1902545 1902959
1921511 1921945
1961866 1965359
1972256 1976435
