NC_009566.1_Haemophilus_influenzae_PittEE__complete_genome
1 4500
10390 11137
30500 31377
39269 40672
45693 47672
107830 108269
175926 176200
186284 187045
252630 258049
264145 264284
271393 276839
296009 296753
314812 315186
319701 320208
321410 321756
335236 336475
345286 347039
347448 347564
362793 362923
366254 366719
376194 381719
409320 409824
411323 414840
460090 466502
485694 486420
492382 492507
521438 521650
522496 522691
524002 524096
532354 534583
538153 538207
541587 542017
551909 552369
575801 576293
579221 579754
580579 580648
582736 583529
675073 681003
707433 707524
731550 731612
746255 750587
750733 751430
773092 773498
782788 783191
837789 838379
843426 843510
853973 854630
863555 865115
865399 865886
877396 877741
890788 890952
923924 924057
950103 950820
958276 965727
967110 967549
996260 996482
1027357 1028665
1042721 1043691
1060391 1060806
1081179 1085605
1086215 1087019
1087449 1087883
1088553 1089272
1107764 1110401
1118657 1123190
1157364 1157477
1164915 1167988
1181155 1188609
1224332 1224429
1289027 1293016
1299544 1299827
1307874 1307995
1332290 1333677
1344759 1361029
1379833 1380019
1384379 1385916
1390437 1396977
1460169 1466002
1504503 1506999
1520417 1530509
1562417 1562631
1594801 1595182
1605136 1605237
1610374 1619943
1639793 1639943
1648163 1649417
1650626 1660437
1675796 1675857
1681203 1681705
1691522 1695376
1699680 1704053
1717931 1718120
1726314 1726497
1736355 1743795
1748034 1753485
1753610 1756923
1796613 1804114
1812211 1813033
