NC_009566.1_Haemophilus_influenzae_PittEE__complete_genome
1 1587
2267 4354
10390 11137
175926 176200
186292 199757
208546 208787
225710 226329
271393 276253
295981 296770
314812 315186
345490 347564
377997 381719
411141 414899
463649 464957
492271 492393
532354 534583
537833 538207
551898 552979
566798 569986
575978 576293
582735 583526
675080 681003
702739 702838
707482 707644
746255 750601
750733 751430
773092 773498
871596 871778
877527 877660
919310 924057
950103 950820
1026435 1026650
1042732 1044753
1060494 1060806
1084477 1084584
1117309 1117418
1118650 1123190
1157364 1157477
1164915 1167988
1181160 1181370
1188504 1188609
1299544 1299827
1318754 1318967
1344567 1345443
1379651 1380032
1384468 1385916
1393174 1397261
1400373 1400470
1465723 1465876
1531872 1533147
1605136 1605237
1624028 1624357
1639790 1639940
1675741 1677947
1681633 1681752
1692601 1692942
1725960 1726501
1740201 1740270
1753491 1757077
1757531 1757707
1777411 1777508
1796570 1800591
1812093 1813033
