NC_009566.1_Haemophilus_influenzae_PittEE__complete_genome
1 4500
10390 11137
30500 31377
39269 40672
107830 108044
175926 176200
208546 208787
225710 226338
252630 258049
264145 264284
271393 276839
295981 296719
314812 315186
346744 348555
362793 362923
376194 381719
411365 414899
424053 425019
460092 466502
485710 486418
492271 492507
508083 508183
522496 522691
524002 524096
534158 534827
536128 542016
551909 552369
566798 569986
575801 576293
579221 579754
580579 580648
582736 583529
607681 607830
676898 678944
680804 681003
707433 707524
734143 734229
743807 749590
750905 751173
773092 773498
782788 783191
837789 838379
843426 843500
853973 854630
864549 868788
877396 877714
878250 878808
923924 924057
950103 950820
958276 963546
964339 965727
967110 967549
994330 996579
1027357 1028665
1043306 1043691
1060494 1060806
1081179 1085605
1086209 1087013
1107764 1110401
1117309 1117417
1118657 1118927
1120317 1125638
1157364 1157477
1164915 1167988
1181155 1182808
1188504 1188609
1224332 1224429
1289027 1293016
1299544 1299827
1332290 1333677
1344567 1345443
1359383 1361029
1365443 1365790
1379651 1380032
1384379 1386093
1390437 1397233
1400373 1400470
1460169 1465996
1477653 1477755
1504503 1506999
1520461 1532099
1562417 1562631
1594801 1595182
1605136 1605237
1610373 1619956
1624375 1624431
1639792 1639942
1648163 1649417
1650626 1660437
1675741 1679417
1695378 1701361
1718008 1718123
1719941 1720027
1726595 1729375
1736358 1743883
1748034 1749913
1753491 1753705
1754078 1757581
1777411 1777508
1785423 1786118
1796613 1804114
1812173 1813033
