NC_009566.1_Haemophilus_influenzae_PittEE__complete_genome
1 1522
2360 4015
10390 11137
149705 149761
175926 176200
186292 199757
208546 208787
225710 226329
271393 276253
296014 296686
345490 347564
378254 381686
409321 414651
463649 464924
492304 492360
532387 534668
537833 538018
551898 552979
566798 569986
582735 583526
676898 680795
702739 702838
707482 707644
746255 751430
773092 773498
919310 924057
950103 950820
1026435 1026650
1042762 1044753
1060494 1060806
1084477 1084584
1117309 1117418
1118727 1123190
1164915 1167988
1181160 1181370
1188504 1188609
1299544 1299827
1318754 1318967
1344567 1345443
1379651 1380032
1384468 1385916
1393174 1397261
1400373 1400470
1465735 1465877
1531872 1533147
1605136 1605237
1624028 1624357
1639790 1639940
1676064 1679392
1692601 1692942
1725993 1726468
1740201 1740270
1753491 1753697
1754072 1757707
1796570 1804057
1812211 1813033
