NC_009566.1_Haemophilus_influenzae_PittEE__complete_genome
1 1282
2100 3994
10390 11137
149705 149761
175926 176200
186292 199757
208546 208787
225710 226338
271393 276253
296036 296615
345490 347564
378276 378430
381441 381664
409343 414651
463649 464902
534158 534836
551898 552979
566798 569986
582735 583526
676898 680773
702739 702838
707482 707644
746255 751430
773092 773498
919310 924057
950103 950820
999736 1000015
1026435 1026650
1043651 1044753
1060494 1060806
1084477 1084584
1117309 1117418
1118720 1123190
1164934 1168007
1181160 1181370
1188504 1188609
1299544 1299827
1318754 1318967
1344567 1345443
1379651 1380032
1384468 1385916
1393174 1397261
1400373 1400470
1465671 1465813
1531872 1533147
1605136 1605237
1624028 1624357
1639790 1639940
1676086 1677947
1692601 1692942
1726102 1726446
1740201 1740270
1753491 1753705
1754034 1757707
1796570 1804035
1812211 1813033
