NC_022356.1_Haemophilus_influenzae_KR494__complete_genome
16582 26115
26696 34472
34676 46210
57014 57969
67215 67345
70646 71278
75094 75707
107173 107356
118140 120756
123993 129299
130211 130835
131634 142320
150456 150670
153948 163763
179056 179207
182369 184527
193839 194631
203614 204045
220592 220828
223699 224976
235330 240717
251454 255880
256761 260618
279937 283861
291819 297104
297725 298178
298770 299640
299716 300023
300159 300447
306630 306828
310502 313747
314280 315171
315893 316925
317434 320619
326057 326200
365087 368947
377192 380837
384259 384555
385254 388537
396087 396176
403690 404185
406008 406666
409416 411434
420596 431660
437974 451404
469457 469558
479514 479895
498477 511999
512512 517951
519148 519244
542321 554051
554231 580564
601811 604249
617664 617763
621461 624398
627139 632124
637432 642639
656501 656847
662947 663330
664908 665995
666724 678815
679579 681022
682115 682176
682794 686391
687072 688728
689370 696000
696633 699335
699867 702032
705605 710143
710663 711180
712034 713466
714154 715504
716018 716966
717187 729062
743053 743357
752451 752626
763386 763509
778129 778748
781966 782119
806344 806550
836104 844838
851128 856833
857088 857190
857273 860656
861476 861545
864132 864428
865421 865471
886690 893230
894216 923370
926209 926373
941965 963798
964015 964213
964915 967622
979330 986849
993442 1006846
1008220 1012159
1012875 1013318
1016728 1020444
1020978 1021243
1022709 1023490
1024093 1029512
1029731 1031631
1032533 1034026
1034919 1036194
1037297 1042023
1042640 1047043
1047612 1075679
1076203 1079212
1079907 1080219
1091970 1092517
1093414 1094800
1104912 1105193
1112082 1112598
1130948 1131081
1139753 1140302
1146388 1146777
1148160 1163333
1164505 1195459
1196056 1198551
1203154 1218565
1220913 1222693
1223533 1224609
1225170 1237653
1238095 1250094
1251019 1280213
1296516 1299081
1299675 1310535
1311424 1312410
1329208 1345235
1368970 1380224
1382252 1382747
1385863 1389814
1405894 1426377
1427039 1431645
1435749 1440218
1442291 1448505
1449023 1449256
1454897 1458598
1459338 1472473
1481714 1483573
1488871 1488941
1492024 1492726
1553346 1575765
1577565 1578204
1578786 1579515
1580176 1580818
1581383 1582936
1587691 1590128
1590668 1617544
1618172 1628751
1628904 1634384
1652955 1653012
1661419 1661768
1661894 1667465
1676175 1687190
1687913 1692133
1692902 1702263
1710002 1711421
1711689 1713787
1714427 1724164
1729758 1735954
1736299 1741154
1741732 1742939
1748739 1750719
1751517 1751831
1755486 1755604
1781541 1782189
1805566 1812012
1812831 1813468
