NZ_CP007472.1_Haemophilus_influenzae_strain_723__complete_genome
5506 6461
130486 130766
233829 233960
260568 264354
283206 283465
300144 300813
374907 383455
433880 434013
441185 441289
484798 485281
634669 647712
660935 667667
709680 711503
870458 871971
873333 875097
880658 882632
892660 892784
894364 894506
895546 896531
900541 901113
901284 901490
907860 907919
948498 950123
951719 952487
980307 986060
995945 999913
1047276 1056506
1066635 1066849
1067553 1068202
1087334 1088079
1106382 1108207
1109957 1111722
1122179 1123188
1135735 1138449
1186812 1186976
1210023 1210167
1330108 1330231
1377004 1381970
1394499 1395082
1413570 1413696
1434399 1434492
1443346 1445035
1460666 1460796
1464390 1464833
1474390 1475927
1476487 1479245
1489129 1490326
1566303 1566559
1591605 1596765
1596910 1597792
1640645 1640775
1641064 1641177
1737830 1738039
1738547 1743304
1797725 1797892
1805362 1814025
1822357 1824990
1849281 1849987
1855861 1856085
1886628 1887077
