NZ_CP007472.1_Haemophilus_influenzae_strain_723__complete_genome
1 998
6006 6164
6806 6910
7935 8584
9472 10175
15659 17765
19730 21267
24616 24856
28549 30144
30924 31098
32765 33202
34892 35077
36768 37433
38899 39514
45097 45239
46859 47273
49432 50048
52445 52559
58335 58809
59835 63377
67951 68105
70901 71549
75695 76538
80576 81145
81791 84257
85254 85797
86356 88186
88316 89116
89788 91123
92285 93625
95856 98288
101856 102392
104801 105147
106338 106755
111359 112021
119076 119219
119847 120295
122961 123321
125177 125439
128179 128462
129576 130116
130486 130864
131912 132056
137247 137466
147070 147884
148495 148901
149553 149718
155302 155706
156955 158725
159296 160507
161756 162548
167755 168304
180115 180197
182054 183662
185890 186321
189011 191448
193150 193360
195395 195872
197309 197376
202884 203586
214230 214902
216159 216952
220197 220646
221215 221814
222572 223117
223775 224047
227234 227597
228564 228715
231379 231502
235343 237427
237576 239067
240601 240846
241352 241544
243729 244687
245676 245774
247224 247467
252256 255202
256080 256278
263423 264354
275891 276216
277443 278606
281036 281171
281553 281650
283206 284074
286837 287295
288260 288437
291948 292846
295047 300014
300144 300813
301422 301482
309333 310279
312780 312965
314881 315185
319499 319761
324015 325569
326118 326900
327849 328625
342031 342965
344009 345505
346631 347231
348085 348200
349953 350185
352699 352885
353624 354393
359614 359984
360501 360907
362219 362381
364109 364427
366266 366773
369455 369960
370924 371503
372857 379723
380714 382205
385920 387002
390101 391215
394326 394653
402908 403322
404021 405241
406078 406203
410231 410519
414615 415179
417072 418000
421574 424094
425125 425453
426326 426571
427592 427870
431836 432103
433227 433645
433881 440129
441189 441380
441915 443366
444876 445351
447583 447987
448566 450782
452344 452516
453833 454045
454857 455309
459153 459636
460813 460897
461942 462388
463180 463635
467050 468303
468850 471072
473956 476046
478057 478168
478936 479066
480033 480420
483234 483798
485019 489710
490532 491921
492537 492736
497754 498613
501044 501656
504570 506119
506747 507244
508050 508441
509127 509277
510834 511106
511832 511914
514565 514843
517280 517392
517917 518186
518844 519285
521174 522077
529336 530497
532803 533113
533651 533892
539010 539751
544674 544934
546287 546583
547189 547643
549339 549586
550811 550968
551647 553188
554411 555076
556101 556501
558943 559199
562245 562390
562977 563586
567263 567318
568495 568784
572775 573026
574172 574700
582351 583427
586341 586581
587214 587941
588574 590412
591641 596799
598915 599091
599934 600282
602188 602441
604196 605599
606256 606330
607212 610716
612699 613303
615984 616331
616682 617021
618089 618913
620451 623786
624901 625134
625861 626894
627705 628230
628760 629362
630216 630473
631809 631991
632987 633087
634041 636231
636429 638260
640195 640910
641529 641664
643257 647711
648476 650191
651302 653169
654096 662272
662809 666208
667501 668243
668905 669097
673161 674180
678011 678084
682029 682433
683291 683691
686270 686735
688008 688390
689313 689695
691252 691416
692542 693774
695348 696375
698332 698710
701571 701822
703456 704068
704790 704934
706841 707559
709180 709422
709680 711503
714725 717253
718234 718534
719429 720476
721496 721977
723338 724341
724911 725570
729028 729470
730406 731249
732541 732658
733189 733720
737410 737645
738201 739346
739979 741618
742600 743095
743892 746379
746980 747387
748121 748378
749632 750289
750880 751494
753485 753963
755927 756163
759668 761008
761742 761934
765164 765372
767806 768680
769405 772539
774352 774666
781650 781909
782980 783383
783997 784062
785535 785943
787921 788269
788778 789850
790637 791273
792315 792657
794046 794520
795328 795399
799109 800049
802390 803970
805168 806394
807328 808164
808739 809096
810647 810770
813849 814724
817015 817308
822055 823290
825718 825782
828068 828363
828917 829539
830717 831396
832840 833432
835499 835571
838630 839099
839941 840183
840813 842101
842828 843119
847112 847556
849553 849814
850419 850761
851690 852475
854194 854646
855249 855798
857836 857982
859487 860434
861347 861809
862498 863184
863855 865149
866451 867079
868744 869406
870458 870875
873333 874150
875149 880068
880631 894175
894364 907451
908891 909080
911645 912557
914218 915678
918968 919334
921216 922810
923712 924839
925755 926017
927361 927699
929872 930333
933345 933795
934563 935188
936850 939661
940213 941185
944938 945264
946282 950125
950758 952739
953916 954764
956744 956994
957536 957941
958836 959861
960470 960865
961739 962081
963074 964273
965181 965548
967980 968075
968622 968980
969580 969905
970448 970599
971380 971802
974004 974283
974936 975060
976802 979761
980275 986126
986786 988451
989723 990894
991834 992772
995090 995355
995999 996244
996850 998630
999189 1001660
1004198 1006520
1007228 1007415
1008113 1008607
1009352 1012148
1013337 1015960
1018017 1019514
1022008 1022353
1023751 1024327
1024865 1025299
1025891 1027016
1027711 1029209
1031632 1031731
1035394 1036560
1039040 1040300
1042462 1042919
1044027 1044255
1045544 1045597
1046138 1046433
1047276 1047761
1048354 1049863
1052429 1053339
1054652 1056506
1056762 1057841
1060428 1061120
1066400 1067120
1067553 1068202
1070133 1071158
1071323 1072244
1074637 1075667
1076455 1077253
1079677 1081064
1081651 1081733
1083420 1083698
1084460 1084701
1085321 1085667
1086879 1089497
1090723 1091357
1092144 1093099
1093780 1097730
1100279 1100617
1101226 1101292
1102160 1102303
1103537 1104305
1104927 1111815
1112338 1114011
1115747 1116584
1117089 1117184
1118156 1118351
1119796 1121379
1122952 1123722
1124765 1125969
1126622 1128060
1129234 1129664
1130895 1131209
1132254 1132558
1133883 1134207
1135735 1136444
1136614 1138449
1140784 1140839
1141689 1142268
1143085 1143211
1143871 1144194
1145174 1145241
1146814 1146978
1148199 1148792
1152167 1152224
1152803 1152909
1153808 1154570
1156020 1156617
1157484 1157991
1160239 1160821
1162475 1163211
1163821 1163936
1164954 1165107
1166485 1166989
1167565 1167800
1171135 1172929
1174439 1175307
1181306 1182136
1182874 1182932
1183639 1184156
1185592 1185822
1186812 1188286
1188834 1188975
1190721 1190884
1194794 1195208
1195855 1196106
1198280 1198866
1199495 1201057
1203499 1204502
1208376 1209043
1212064 1213119
1213650 1213769
1215845 1216069
1217695 1218030
1218846 1219635
1220233 1221810
1222970 1223051
1223576 1223926
1224862 1226097
1227368 1228854
1229713 1230075
1230849 1234762
1235761 1238283
1239934 1241573
1244560 1245084
1249179 1249396
1253388 1253598
1254816 1255406
1256314 1256452
1257272 1258253
1259764 1260105
1264160 1264721
1267650 1269011
1269735 1270583
1271894 1272232
1272875 1273585
1278758 1279755
1280477 1280676
1281506 1281659
1285965 1286518
1288583 1289166
1289990 1290243
1291419 1293966
1294483 1295457
1295811 1295927
1303190 1303305
1304404 1305064
1306007 1306559
1307593 1307685
1308378 1309621
1310147 1313708
1314344 1314771
1315454 1315667
1315901 1316019
1317110 1317245
1317931 1318240
1319669 1321619
1323019 1323142
1325710 1326097
1328910 1329002
1329709 1330821
1337116 1337417
1337530 1339227
1340805 1341555
1342381 1342632
1343153 1343231
1343772 1344034
1344604 1345391
1347151 1348436
1349234 1349818
1350611 1350873
1353108 1353206
1356063 1358177
1361451 1361524
1362544 1362705
1364240 1364561
1366316 1368097
1368676 1369779
1374163 1375006
1377004 1381970
1382792 1382959
1387054 1388383
1391599 1392004
1393838 1394042
1394592 1395914
1397626 1398221
1399327 1399770
1401571 1401652
1402607 1403681
1407198 1407518
1408587 1409731
1411330 1411431
1411815 1412001
1413405 1413551
1414106 1414369
1419405 1420535
1421207 1422275
1422787 1423064
1423770 1427442
1428001 1429787
1432395 1433341
1435343 1436317
1437143 1437682
1439536 1440006
1443304 1446972
1447850 1448127
1448835 1449315
1451822 1452068
1454151 1454818
1455502 1456847
1458253 1458339
1460666 1460796
1464128 1464368
1467511 1468141
1472742 1473234
1473796 1480157
1480770 1481729
1487259 1487444
1489119 1490326
1491153 1491694
1492555 1493973
1494550 1495730
1497937 1498611
1500457 1500541
1504331 1504576
1506336 1506424
1507972 1508041
1513031 1513284
1514004 1514176
1515186 1516276
1517271 1517883
1518706 1518976
1521330 1524950
1531000 1531059
1531752 1531870
1536137 1537141
1537986 1538266
1538844 1540538
1543176 1543499
1546130 1546584
1548505 1548755
1550254 1550471
1552418 1553301
1557536 1558125
1560157 1560327
1565403 1567952
1569172 1572522
1574844 1575231
1578591 1578843
1580071 1581781
1582299 1582463
1582764 1583323
1584468 1584936
1587595 1589294
1589811 1589863
1591299 1599742
1601886 1601976
1604410 1604811
1605510 1605741
1612304 1612686
1624481 1625339
1625942 1626394
1627139 1627222
1627845 1632015
1640645 1641781
1642903 1643026
1644889 1645474
1648946 1649310
1650955 1651413
1655118 1655471
1658373 1658970
1664370 1665183
1666887 1667570
1669492 1670080
1670814 1672270
1676420 1676567
1679019 1681197
1683324 1684501
1686729 1687449
1688885 1688951
1690523 1691327
1692520 1693198
1694237 1694576
1697476 1699537
1700106 1702164
1705315 1705947
1706572 1707334
1708256 1709841
1711434 1711850
1713343 1713431
1720521 1720848
1721966 1722318
1724927 1725343
1728504 1728898
1729705 1729881
1731260 1731751
1736165 1736283
1737658 1743613
1746284 1746534
1748043 1748297
1748815 1748871
1753111 1753944
1758842 1758995
1760744 1761148
1763849 1764166
1767199 1767782
1769352 1769513
1773301 1773713
1775311 1775491
1778204 1778600
1784760 1785318
1786115 1788719
1789699 1790208
1794968 1795410
1797596 1797706
1799399 1799633
1800323 1800866
1805464 1814087
1815345 1815455
1815704 1815842
1816479 1816631
1820005 1820947
1822403 1825036
1825600 1825660
1829218 1829459
1831553 1831861
1832446 1832518
1835438 1835673
1843501 1846638
1847215 1847710
1849281 1856071
1856291 1857324
1860044 1861684
1862663 1864517
1865331 1887620
