NZ_CP007805.1_Haemophilus_influenzae_CGSHiCZ412602__complete_genome
1291 33919
62903 62955
71640 71830
91961 96321
104067 129134
137785 139126
142427 142511
151753 156358
161564 163724
239848 239987
240498 243113
264067 265438
268675 268774
272430 272551
298538 329946
340887 365260
381871 395950
406436 406600
424277 439164
441149 448353
464895 469786
475608 485610
485746 485839
493902 495980
497391 499414
507919 508718
527623 534175
546105 549852
560744 561258
577888 580552
580782 586047
590865 597735
603788 605749
609980 610106
616189 616383
618291 618483
620481 638148
655386 657040
657718 668395
681186 681368
694380 734962
780774 780891
786675 793531
795047 800194
804374 804476
807909 810431
824428 824495
830435 831515
836537 863729
902013 905307
906841 907140
921195 942626
942842 966173
972755 980973
981405 992616
1017359 1038110
1042718 1053889
1054000 1054446
1055281 1056351
1072979 1073054
1074637 1080323
1085796 1120092
1127599 1136906
1155321 1155405
1160968 1169921
1181783 1220913
1222093 1225201
1225395 1225960
1226693 1226918
1227171 1235659
1246376 1255767
1273333 1277487
1302191 1302369
1305238 1305408
1312574 1312674
1331956 1335784
1346648 1351391
1356663 1356803
1359905 1360651
1397720 1398228
1428411 1428532
1439293 1439505
1448603 1471552
1479250 1496079
1496817 1500371
1516124 1528454
1548978 1549145
1590911 1596588
1631379 1631521
1649970 1660006
1666128 1686237
1687434 1705707
1734635 1735798
1740932 1758365
1764685 1765665
1765761 1770674
1777282 1790439
1805676 1811802
