NZ_CP007805.1_Haemophilus_influenzae_CGSHiCZ412602__complete_genome
1 4800
6233 6285
6802 7366
8002 10665
11222 11690
12838 13490
13791 13955
14473 15621
16853 17105
18255 22623
24832 25219
30067 31031
31523 34509
39585 39755
41787 42376
46611 47496
48559 49731
51230 51480
53401 53855
56487 56810
59448 61142
61720 62000
62845 63849
68117 68241
68934 68993
74160 75047
77404 78669
81024 81293
82114 82783
83451 84800
85805 85977
86697 86950
88225 88639
91886 95186
96712 96800
98560 98805
102595 102679
104525 105196
107407 108587
112751 115298
115409 116575
117284 118013
118565 120207
121730 122691
123304 129667
130229 130721
135322 135952
144838 144924
146330 147673
148357 149024
151107 151353
152537 156354
157679 159144
160023 160762
161435 163708
167004 167473
169327 169892
170718 171692
172527 172807
174764 174941
177545 179310
179869 183607
184313 184590
185102 189534
193859 194122
194677 194823
196420 199056
204555 205629
206584 206665
207953 208908
210014 210609
212321 213047
213597 213801
215636 216043
219260 219736
224671 224838
227658 228501
232885 236349
238104 238425
239960 240121
241146 241219
244493 244608
246607 248102
249464 250287
250913 251085
251796 252058
252851 253435
254233 255519
257279 258066
258636 258898
259439 259517
260038 260289
261115 261865
263443 265534
271830 272942
273649 273741
279510 279633
281033 282983
284406 284715
285401 285536
286627 286745
286979 287192
287875 288302
288938 292499
293025 294268
294961 295053
296088 296640
297583 298244
299343 299470
299801 300696
303141 303286
304573 306150
306669 309677
310047 310328
313112 313365
314189 315004
316807 317361
321676 321829
322009 322283
322606 322807
323527 324524
329697 330408
331051 331537
332699 333547
334271 335632
338561 339122
340755 341116
343523 343864
345372 348800
350018 350228
354223 354440
357266 357357
357965 358489
361476 363115
364766 367287
368286 372200
373926 374757
375355 376144
376960 377295
378921 379145
381221 381340
381871 382926
385474 386600
390474 391477
393587 395951
397317 397568
398215 398629
400275 401285
402528 402691
404437 404578
405126 406600
407590 407820
409256 409773
410480 410538
411272 412102
414475 415381
417860 418972
420483 422253
425592 425827
426403 426907
428285 428456
429474 429589
430193 430929
432581 433163
435411 435918
436785 437382
438832 439594
440493 440599
441149 441964
445690 446281
447503 447667
448079 448489
449447 449514
450494 450824
451475 451602
452418 452997
453847 453902
457764 458083
459408 459712
460757 461071
462302 462732
463906 465344
465997 467204
468244 469333
469914 469996
471686 471961
472723 472964
473584 474453
475142 477767
478477 479111
479898 480853
481534 485608
487880 488218
488827 488893
489760 489903
491137 491906
492528 495548
496178 499446
499959 502956
504698 504822
505475 505754
507956 508378
509160 509314
509851 510276
510784 511142
511690 511787
514219 514586
515494 516693
517686 518028
518901 519296
519905 520930
521825 522230
522772 523022
524994 525847
527024 536229
537090 537924
538429 538524
539496 539691
541136 541888
544282 544592
546247 549340
549451 549994
551097 551895
552683 553713
556114 557167
561132 562158
564115 567637
570251 571016
572894 574159
574513 574636
576320 576915
578532 584974
585567 586047
586890 587185
587721 587774
589058 589285
590394 597851
600242 600341
602763 604127
604750 605365
605727 606186
606881 608007
608599 609033
609562 610094
612256 613520
615999 616473
618407 618642
620038 620384
623198 623642
625346 627228
627744 629040
630229 630413
631323 631608
632353 633014
633759 635456
636274 636641
637496 638166
640704 642448
643008 644728
645331 645512
646136 646401
648719 649656
650601 651768
653040 654705
655362 661987
662151 663952
664648 665078
666527 666617
668686 669093
669792 670657
679918 680776
681379 681831
682346 685764
694377 695513
695735 695804
696113 696236
698099 698684
699311 700497
704560 704924
706569 707027
710731 711084
713984 714583
718654 720786
722489 723172
727859 736774
738901 740078
742306 743026
744462 744528
748097 748775
749814 750153
753053 755114
755683 757741
760891 761523
762148 762910
763832 763898
764488 765382
766971 767388
768882 768970
774067 774722
776064 776391
777509 777861
780470 780882
784043 784439
785243 785419
786554 786674
786906 787397
791811 791929
793304 800194
802763 803013
804021 804494
804670 805480
806085 811578
813706 814542
819440 819593
821341 821746
822966 823628
824446 824763
825841 825901
827702 828288
829855 830016
831753 834092
835677 835857
836529 841970
844012 844408
850566 851124
851921 852431
855504 857573
860762 861205
863391 863669
865362 865596
866286 866828
874323 874904
875866 876371
879053 879560
881398 881716
883444 883606
884918 885324
885841 886211
891014 891782
892521 892707
895220 895452
897205 897320
898174 898774
899900 901396
902288 902691
902847 903547
916939 917715
918664 919446
919995 921483
925724 925986
929127 930609
932525 932710
935206 936152
944018 944078
946559 946896
948592 948650
948864 948990
950379 950480
952681 953579
957090 957267
958232 958690
961453 962044
963466 963563
963945 964080
964346 964456
967138 968299
969525 969853
972890 980978
981516 981762
983209 983307
984298 984587
987424 987616
988122 995786
997847 997970
1000634 1002114
1005301 1005774
1006332 1006746
1008905 1012031
1017807 1019277
1020037 1021336
1022044 1027707
1029852 1031300
1034096 1037036
1038890 1039733
1043764 1044333
1049989 1050396
1050710 1051378
1051508 1052287
1052959 1056333
1058564 1059072
1059582 1059950
1063521 1064057
1066467 1066813
1068004 1068421
1073025 1073691
1074716 1078523
1083829 1083972
1084600 1085048
1086850 1088051
1088880 1090307
1091473 1092366
1092585 1092909
1094044 1094135
1095662 1097370
1097822 1098041
1102876 1105187
1108965 1109400
1109668 1111346
1115850 1116244
1117493 1119263
1119834 1120449
1121699 1122491
1127698 1128246
1136726 1136970
1138283 1138365
1140221 1143028
1143554 1144461
1147155 1147218
1148500 1149593
1151295 1151505
1153540 1154017
1155454 1163354
1164239 1164321
1172358 1173030
1174287 1175080
1178233 1178682
1179251 1179850
1180608 1181152
1182670 1182812
1188391 1189006
1190472 1191137
1192828 1193015
1194705 1195142
1196809 1196959
1197739 1201412
1203026 1203266
1206615 1208152
1210117 1212223
1217707 1219947
1220285 1224544
1225126 1225601
1227142 1227795
1235703 1235938
1238854 1239811
1241905 1242146
1245706 1250905
1252344 1252948
1254702 1257024
1257101 1258183
1260757 1262394
1265505 1265832
1270534 1270972
1274085 1274747
1275446 1276666
1277501 1277626
1281653 1281941
1286030 1286594
1288486 1289413
1294838 1295507
1296538 1296866
1297739 1297984
1299005 1299283
1303226 1303491
1304605 1305023
1305205 1305322
1306275 1308581
1310823 1311514
1312574 1313541
1316259 1319360
1321898 1322153
1323714 1323886
1325203 1325415
1326227 1326679
1330523 1331006
1332182 1332266
1333311 1333757
1334549 1335004
1337116 1347486
1349513 1349624
1350392 1350522
1351489 1351876
1354687 1355251
1359813 1361917
1362739 1364117
1364733 1364932
1366440 1367091
1367657 1367823
1369934 1371446
1371979 1373679
1376592 1379266
1380070 1380463
1381149 1381299
1382239 1383127
1383853 1383935
1386585 1386863
1389301 1389413
1389938 1390207
1390865 1394099
1401360 1402521
1404827 1405137
1405671 1405916
1411034 1411775
1416697 1418606
1419212 1419666
1421362 1421609
1422834 1422991
1423670 1425211
1426444 1427109
1428134 1428464
1430974 1431230
1434276 1434421
1435008 1435617
1439292 1439349
1440525 1440814
1444803 1445054
1446200 1446728
1454382 1455459
1458375 1458614
1459250 1459975
1461378 1462866
1463405 1465706
1466313 1468839
1470955 1471131
1471974 1472322
1474229 1474479
1476234 1477252
1478296 1483696
1485679 1486283
1488964 1489311
1489662 1490001
1491069 1491893
1495996 1496079
1496419 1502112
1503268 1504221
1504973 1506320
1507050 1508080
1508891 1509414
1509945 1510547
1511381 1511658
1512994 1513176
1514169 1514272
1515773 1517659
1521427 1521967
1522581 1522716
1524325 1528739
1529400 1529466
1531745 1531843
1532329 1534115
1534619 1535734
1537512 1539862
1541586 1542032
1543181 1543749
1544286 1545386
1547440 1548444
1548978 1549721
1550383 1550575
1554643 1555662
1559497 1559570
1563516 1563920
1564778 1565178
1566592 1566796
1567150 1567615
1568889 1569271
1570194 1571621
1572133 1576934
1579220 1579593
1582471 1582722
1584356 1584968
1585690 1585834
1587739 1588457
1590079 1590321
1592941 1593135
1593806 1596099
1597459 1597877
1600964 1601264
1602159 1603206
1604226 1604707
1606302 1607074
1608199 1608303
1611780 1612222
1613158 1614001
1615293 1615410
1615941 1616472
1620163 1620398
1620954 1621399
1622617 1624371
1625353 1625848
1626652 1629139
1629740 1630147
1630881 1631037
1631665 1634253
1636959 1637195
1640701 1642966
1646196 1646404
1648841 1650005
1650607 1650915
1651537 1653584
1654366 1656265
1657790 1660006
1661641 1662453
1663714 1664579
1671561 1671820
1672886 1673289
1673903 1675450
1675990 1676533
1677696 1678044
1678553 1679625
1680412 1681045
1682090 1682432
1683821 1684295
1685103 1685174
1688889 1689828
1691938 1693959
1695157 1698148
1698723 1699080
1700631 1700754
1703833 1704708
1706995 1707291
1708074 1710525
1712038 1713272
1715700 1715764
1718050 1718346
1718898 1719520
1720689 1721377
1722820 1723412
1724291 1724672
1725867 1725939
1728998 1729467
1730309 1730551
1731181 1732469
1733196 1733487
1737481 1737925
1739922 1740183
1740788 1750544
1752585 1752731
1754237 1755184
1756098 1756560
1757249 1757935
1758596 1759891
1761193 1761821
1763489 1764151
1765626 1765766
1766774 1766963
1769528 1770594
1772255 1773714
1777007 1777373
1778795 1779676
1780440 1782038
1782940 1784068
1784984 1785246
1786590 1786935
1789103 1789577
1790401 1794183
1795842 1798665
1799217 1800189
1803942 1804268
1805286 1811802
